510240
510241
510343
510801
510802
511923
515012
515014
515016
515018
515019
515020
515021
515022
515017
521304
521305
521306
528193
528194
528195
528196
528198
528199
528200
528202
528203
528204
528205
528207
528208
528676
528677
528678
528679
528680
528681
528682
528683
528684
528685
528686
528687
528688
528689
528690
528691
528692
528693
528694
528695
528696
528697
528698
528699
530691
530692
530693
535365
535366
535367
535368
535370
535371
535372
535369
535385
535386
535387
535388
535389
535390
535391
535392
535393
535394
535395
535396
535401
535402
535403
535423
535424
535434
535435
535436
535437
535438
535439
535440
535441
535442
535443
535444
535445
535446
535455
535456
535457
535458
535459
535460
535461
535462
535463
535464
535465
535466
535467
535468
535469
535470
535472
535473
535485
535486
535487
535488
535489
535490
535491
535492
535493
535494
535495
535496
535497
542201
542203
542204
542205
542206
542207
542208
551786
551787
551788
551807
551808
551809
551810
551811
552155
552157
552159
552160
552161
559287
559288
559289
559290
559291
559292
559293
559294
559295
569296
569297
569298
569416
569418
569419
569420
569421
569423
569424
569425
569431
569432
569417
569433
569434
599905
599906
599907
599908
599931
599932
599933
599934
599935
599936
599937
599938
599939
599945
599962
606481
606482
606672
606673
606674
606675
606676
606677
606678
606679
606680
606681
606682
607189
607191
607192
607193
607194
607195
607196
607197
607198
607199
610178
610179
616889
616890
616891
616892
616893
612821
639970
639971
639973
639975
639976
639977
639978
639979
639980
639974
639981
639983
639984
639985
639986
639987
639988
639989
641576
641577
641578
641579
641580
641581
641582
641583
641584
641585
641586
641587
641588
641589
641590
641591
641592
641597
641598
641599
641600
641601
641602
641603
641604
641605
641606
641607
641608
641609
641610
641612
641613
641614
644413
644414
644416
645011
645012
645013
645014
645015
645016
645017
645018
645019
645038
665565
665566
687438
687439
687440
687441
687442
687443
687444
687445
687446
687447
687448
687487
687488
687489
687490
687491
687492
687493
687494
687495
687496
687497
687542
687543
692654
515013
692854
515023
692655
521307
701617
701618
701619
701620
701621
701622
701623
644415
701625
701626
701627
701628
639982
713243
713249
713250
713251
713253
528197
713262
713263
713264
528201
713265
713835
713836
713837
713838
713839
713840
717353
717354
717355
717437
717438
717439
717440
717441
724653
724654
724655
724656
724657
724658
724659
724660
724661
724662
724663
724664
724665
724666
724667
724668
724669
724670
724671
724672
724673
724674
724675
724676
724677
724678
724679
724680
724681
724682
724683
724684
724685
724686
724687
724688
724689
724690
724691
724692
724693
724694
724695
724696
724697
724698
724699
724700
724701
724702
724703
724704
724705
724706
724710
724711
724712
724713
724714
724715
724716
724724
724725
724726
724727
724728
724748
724749
724750
724751
724752
724753
724754
724755
724756
724757
724758
724759
724760
724761
724762
724763
724764
724765
724766
724767
724768
724769
724770
724771
724772
724773
724774
724802
724803
724804
724805
724806
724807
724808
724809
724810
724811
724812
724813
724814
724815
724816
724817
724818
724819
724820
724821
724822
724823
724849
724850
724851
724852
724853
724854
724855
724856
724857
724858
724859
724860
724861
724862
724863
724864
724865
724894
724895
724896
724897
724898
724899
724900
724901
724902
724903
724904
724905
724906
724907
750213
750214
750227
750228
750229
750237
750238
750239
750240
750241
750242
750243
750244
750245
750264
750265
750266
750267
751119
552158
757066
757067
757068
757069
757070
757071
758951
758952
758953
758960
758961
758962
758963
758967
758968
758993
758994
758995
758996
758997
758998
758999
759000
759001
759002
759003
759004
759005
759006
759007
759008
759009
759093
759094
759404
759405
759406
759407
775658
775659
775660
775661
775662
775663
775664
775665
775666
775667
775668
775669
775670
775671
775672
775673
775674
775677
775678
775679
775680
775681
775682
775683
775684
775685
775686
775687
775688
569422
775728
775729
775730
775731
775732
776501
776502
776503
599946
820802
820803
820804
820805
820806
599943
820807
701624
820835
820836
820837
820838
820839
820840
838874
838875
838876
838877
838878
838879
838880
838881
838882
838883
838884
838885
610121
838910
838911
838912
838913
838914
838915
838916
838917
838918
838919
838920
838921
838922
838923
838924
838925
838926
838927
838928
838929
838930
838931
838932
838933
838934
838935
838936
838937
838938
838939
838940
838941
838942
838943
838944
838945
838946
838947
838948
838949
838950
838951
838952
838953
838954
838955
838956
838957
838958
838959
838960
838961
838962
838963
838964
838965
838994
838995
838996
838997
838998
838999
839000
839001
839002
839003
839004
839094
845968
845969
848056
848101
639972
883560
883561
883566
515015
883567
883568
883583
883584
883585
883586
883587
883588
883589
883590
883591
883592
883599
883600
883601
883602
883603
883604
883605
883606
883607
883608
612818
883626
883627
883628
885284
885286
885292
885293
885295
885296
885297
885298
885285
885299
885300
885301
885303
885304
885305
885306
885307
885311
885312
885313
885314
885315
885316
885317
885320
885321
885322
885323
885324
885287
885325
885326
528206
889685
889687
889688
645039
920432
920433
920434
920435
920436
920437
952552
952553
952554
952555
952556
952557
952558
952559
952773
952774
952775
952776
952782
952783
952784
952785
952791
952792
952793
952944
956646
957542
958077
959441
961858
961859
963500
963501
963502
963503
963504
963505
963506
963508
963701
965380
966327
966328
966647
966648
967786
968186
968187
968212
968692
971464
971465
971690
972347
972348
973887
973888
973889
973890
973891
973933
975212
977958
977959
998964
998965
998966
998967
998968
998969
998970
998971
998972
998973
999527
999528
1000478
1000479
1000480
1004084
1004085
1007224
1015210
1015211
1015212
1018130
1019428
1021880
1021881
1021882
1021883
1021884
1021885
1021886
1022353
1024495
1026357
1028677
1028678
1028840
1029629
1031920
1034438
1034439
1034440
1034441
1034442
1034443
1034444
1036017
1036018
1036019
1036020
1036021
1036868
1036869
1036982
1037522
1037523
1037524
1037748
1038106
1038107
1042648
1042649
1042650
1042651
1043334
1043335
1044473
1044474
1044475
1044476
1044477
1044478
1045443
1045711
1045712
1045713
1046462
1047111
1047132
1047134
1023267
1052152
1052153
1053302
1053303
758991
1053700
1053920
1054697
1054698
1054699
1054727
1055719
1055720
542213
1059429
1059430
1059431
1026358
1060184
1060185
1061088
1061089
1061090
1061091
1061092
1061093
1061094
1063312
1063313
1064304
1064529
965381
1065007
1065279
1065280
1065749
1072035
1072036
1072913
1072914
1072915
1074633
1075048
1075755
1075921
1075923
1075924
1075925
1076320
1076321
1076322
1080787
1080850
1086623
1086682
1086980
1086981
1086982
1086983
1086984
1087337
1087338
1087339
1087340
1087341
1087342
1087385
1087452
1087728
1087835
1088537
1088815
1091330
1096160
1096161
1096235
1096428
1106282
1106799
1072552
1111043
1111044
1111045
1111046
1111047
1111048
1112478
1112710
1113363
1114532
1114633
1114634
1116574
1117628
1119418
1119419
1120389
1120390
1121210
1122752
1059432
1123594
1123595
1123783
1123868
1123869
1124114
1126043
1126044
1127744
1127746
1127747
1127748
1127749
1127822
644417
1131148
1131149
1131150
1131151
1134030
1134632
1135748
1135749
1139428
1139990
1140133
1140134
1140135
1140136
1140137
1140138
1140139
1140140
1140141
1140142
1140143
1140163
552156
1140942
1141854
1141855
1141856
1145055
1145056
1145434
1145435
1145436
1145437
1146754
1147479
1147480
1147481
542202
1147681
1148261
1148262
1148276
1153402
1153403
1153404
1153405
1153406
968213
1154146
1154202
1154855
1156494
1157070
1158585
1158900
1159354
1159390
1159391
1161220
1161482
1161848
1161221
1161948
1162006
1162853
1131152
1163308
1164315
1165266
1165420
1168215
1172065
1172124
1173670
1173671
1173672
1174145
1174146
1174149
1174150
1174152
1174848
1177982
1178347
1179637
1179638
1179737
1180284
1181426
1183693
1183795
1184698
1185116
1179738
1186985
1191042
1191043
1191401
1191402
1193192
1161849
1194832
1194833
1153998
1201552
1202603
1206011
1206012
1207396
1207622
1207728
1208317
1208318
1208337
1210516
1210517
1210528
1210529
1212270
1212271
1212824
1217341
1217895
1221756
1221757
1221758
1221759
1223795
1225199
1226098
1228360
1228361
1228362
1229360
1232926
1234819
1234820
1234914
1236723
1238903
1239495
1239902
1241659
1121211
1241700
1243781
1243782
1202604
1245567
959442
1248320
1248321
1248322
1248448
1248743
1248744
1248745
1248746
1248767
1248768
1248769
1248770
1248771
733447
1249452
1249453
1249454
1249611
1249612
1249613
1249614
1249615
1249616
1065281
1251135
1251388
1251389
1252003
1252004
1252005
1252006
1252007
1252008
1252902
1154147
1251220
1253345
1253346
1253347
1253348
1253349
1253428
1253537
1253538
1253539
1253540
1253541
1253542
1253549
1253633
1253898
1253899
1253900
1253960
1253979
1253980
1253981
1253982
1253983
1253984
1253985
1253986
1253987
1253988
1253989
1253990
1253991
1254193
1254223
1254333
1254334
1254452
1254453
1254525
1254526
1254527
1254528
1254622
1254623
1254624
1255150
1256413
1264423
1265337
1265338
1268509
1270643
1270644
1271412
1271413
1271414
1272133
1272618
1273370
1274702
1275057
1275058
1344251
1344662
1344663
1344664
1344665
1344675
1345631
1080788
1345633
1042652
1346425
1346426
607190
1346985
1346986
1346996
1346997
1347091
1346427
1348287
1148263
1348509
1348887
1075756
1346998
1096429
1349069
1349075
1349153
1349154
1349155
1349156
1349447
1349449
1349450
1349514
1047112
1349539
1349869
1148277
1350212
1350236
1350237
1350238
1350239
1350240
1350263
1350379
1350411
1350430
1350412
1350441
1350638
1350639
1350795
1350796
1350640
1351259
1351360
1351637
713252
1352242
1352243
1349541
1350376
1352578
1353053
1349158
1353320
1350442
1344676
1352434
1350264
1353988
1086683
1349515
1354039
1354040
1353797
966649
1355665
1355666
1355667
1355668
1355669
1355670
1355671
1356093
1356094
1356095
1358283
1358856
1358857
1063314
1360714
1361009
1361010
1361011
1362104
1362105
1362106
1362107
1362108
1362109
1351746
1364906
1364907
1364908
1364909
1365079
1365080
1366728
1368056
1368057
1368058
1368059
1368933
1368934
1369872
1372274
1372275
1372276
1372277
1372278
1372279
1372845
1372846
1373156
1373157
1373158
1373159
1373687
1373688
1373689
1373690
1373691
1373692
1373757
1373758
1373759
1373760
1373761
1373762
1373763
1373764
1373765
1373766
1373767
1373768
1373769
1373770
1373771
1373772
1373773
1375221
1375446
1376884
1376885
1378386
1378387
1344252
1384657
1563319
1563757
1563769
1563988
1563989
1563990
1563991
1563992
1563993
1563994
1563995
1563996
1563997
1563998
1563727
1563770
1564473
1564493
1564494
1564495
1564496
1564497
1564498
1564499
1564500
1564501
1564502
1564503
1564504
1564505
1564506
1564507
1564508
1564509
1564510
1564511
1564512
1564513
1564551
1060186
1564514
1564735
1564736
1564737
1564474
1564918
1564919
1565009
1565010
1565011
1046463
1565648
1565649
1565650
1565651
1565652
1565961
1565962
1565963
1565978
1565979
1565980
1565981
1565982
1566069
1566070
1566071
1566072
1566073
1566074
1566075
1566076
1566077
1566078
1566079
973934
1087343
1566347
1566348
1566447
1566448
1566449
1568964
1568965
1569012
2175887
2178202
2180195
2182256
2182257
1158586
2185269
2185365
1087729
2187651
971691
1064305
2189809
2180196
2190216
2190693
2190694
1048770
2192158
2192545
1028679
2175888
2193469
2193680
2194122
1053701
2194642
2195615
2195616
2195673
2195753
2195758
1065008
2196564
2182258
1146755
2196959
2200679
2196565
2195680
1065750
2188948
2219385
2219416
2219417
2219418
2219419
2219420
2219421
2220674
2195754
2221720
2196814
2221751
2221756
2222892
2223183
1134031
2223344
2223764
1045444
2224528
1076386
2225491
2225492
2225649
1018131
2196689
2227108
2227109
2227110
2227155
971466
2227756
1054728
2227984
2192546
2228183
2228270
1047133
2178203
2185270
2232791
2232792
2232793
2232794
2232795
2232796
2232840
2232841
2232842
2232843
2232844
2240943
2242386
2242387
2244782
2245462
2246628
2246629
2246630
2248322
2248323
2248324
2248325
2248326
2248327
2248328
2248329
2248330
2248331
2248332
2248333
2248334
2248335
2255841
2255842
2255843
2255844
2255845
2255846
890344
2263111
2263112
2263113
2274430
2274431
2274432
2274433
2274434
2274435
2274436
2274437
2274766
2274767
2274768
2274769
2274770
2274771
2274772
2274773
2274774
2274775
2274776
2274777
2274778
2274779
2192710
2274784
2274785
2274786
2274787
2274978
2274979
2274980
2274981
2274982
2274983
2274984
2274985
2274986
2274987
2286978
2286979
2302801
2305545
2305546
2305547
2305548
2305549
2305550
2307258
2308084
1256610
2311906
2311947
2315556
2315673
2315689
1239903
2316439
2319753
2319754
2319755
2319756
2319757
2319777
2322382
2322545
2322546
1212272
2324365
2324366
2324930
2325124
2327361
2327899
2328072
2328594
2328595
2328596
2330293
2330603
2331490
2331491
1268163
2333925
2334694
2335360
2335796
2335900
2337329
2337431
2337548
2339293
2339294
2339354
2339355
2340219
2340274
2340681
2340682
2340890
2340891
1179639
2341886
2341937
2343504
2344463
2344464
2344570
2344637
2344638
2337330
2344885
2344886
2344887
2344888
2344893
2345209
2345537
2345850
2346603
2346604
1025265
2348475
2348476
2350039
1156495
2350361
2352961
2354609
2358482
2358483
1165421
2363654
2363835
1232927
1174151
2367133
999529
1146786
1140132
2369618
2335797
2371800
1154203
1193193
2373033
2373361
2373362
2373377
2373378
2373379
1123870
2374300
1088816
2375082
2375151
2375304
2375360
972349
2375667
2327900
1147478
2378214
2378469
1004349
1228363
2384685
2384686
2384687
2384688
2385155
2386079
2388326
2389758
2390162
2391800
1147641
2391802
2391803
2391804
2391805
2391874
2376614
2394214
2395861
2396102
2396103
2396104
2396105
2396106
2396107
2396108
2396109
2396110
2396111
1158901
1019429
2183006
1190752
2398371
2399811
2401056
2401057
2401295
2401653
2418576
2425431
2425432
2418577
1057000
2428299
2428300
2428301
2428302
2428303
1086624
2430896
2345851
2434516
2434517
2434518
2434519
2434520
2434521
2434522
2437030
2437031
2437032
2437033
2437034
2437035
2437036
2437037
2437300
2437325
2437326
2437327
2437328
2437329
2437330
2437452
2437453
2437454
2319619
2437567
2437568
2437569
2439153
2439744
1159355
2440383
2440575
2440692
2440740
1139429
2440809
2440810
2440811
2440812
2440813
2440814
2440815
2440816
2440817
2440818
2440819
2441904
2330604
2443205
2443419
2445965
2441905
2445967
2446397
2446398
2446399
2446400
1127745
2447441
2428304
2398146
2448973
2448974
2448975
2448976
2448977
2448978
2448979
2448980
2448981
2448982
2448983
2448984
2448985
2448986
2449215
2449216
2449217
1180285
2196495
2451410
2451840
2451841
2451842
2453439
2453440
2453441
1217342
2456036
2456768
2451411
2458733
2458734
2458769
2340683
2458975
2458976
2459880
2459978
2460703
2460704
957543
2461242
2461326
2461327
2461328
1272619
2461502
2375305
2462040
1161947
2462707
1072037
2463323
1161483
2465267
2465268
2465269
2465337
1128172
2465523
2391875
2469016
2469720
968693
2376178
2472934
2474606
2475107
2475108
2475486
1168216
2476002
1241701
1186986
2480355
2481320
2481321
2481322
2445966
2465372
2448987
2485408
2371187
2485573
2393775
2488707
2488852
2488993
2489086
2489708
2489709
2490034
2490035
2490036
2490037
2490038
2490039
2491141
2456037
2491731
1028841
2494074
2494075
2495543
2495571
511924
2496107
2375668
2496208
2496209
2496210
2496211
2496212
2471302
2497091
2497092
2498016
2498017
2498018
2498482
2498721
2367134
1116575
2507887
2508789
2508790
2508829
1154856
2510648
2510731
1112711
2511338
2511339
2511340
2511341
2511342
2511485
2512847
2513121
2513122
2513123
2513124
2513794
2514635
2515356
2515357
2517190
2518901
2510390
2370065
1159392
2522403
2457904
967787
2523389
2523390
2523391
2523392
2481277
1177584
2525914
2363655
2526168
1191403
2527978
2527979
2529201
2437570
2529392
2529393
2530435
2531788
2537709
2537843
2540869
2540870
2540871
2540872
2541419
2541420
2541478
2541479
2541491
2541492
2541759
2541760
2541761
2541762
2541763
2541764
2541765
2541766
2541767
2542158
2544064
2544065
2544108
2544109
2544110
2544111
2371801
2544178
2544219
1091331
2545909
2547440
2547441
2547442
2462041
2547886
2548383
1172066
2548708
2548709
2548710
2549390
2549470
2549610
2549868
1164316
2549929
2549930
2549961
2551089
1207397
2551609
2550007
2554089
2554090
2554091
2554389
2554390
2554710
2554711
2344855
2193697
2481323
2560209
1145057
2560250
2560251
2560252
2560253
2560816
2372515
1036022
2563359
2563360
2563361
2563362
2563363
2564405
1139991
2565650
2570458
2570459
2570460
2571533
2572463
2573171
2573263
2573264
2573265
2573266
2573267
2573268
2573269
1075922
2574128
2574129
2531588
2575526
2575584
2575585
2575586
2575587
2575588
2575589
2575590
2575591
2575592
2575593
2575594
2575595
2575596
2575597
2575598
2575599
2575600
2575601
2575602
2575603
2575604
2575605
2575606
2575607
2575608
2575609
2575610
2575611
2575612
2575613
2575614
2575615
2575616
2575617
2575618
2575619
2575620
2461503
2580105
1163309
2580207
2580208
2581148
2584748
2584749
2584750
2584751
2584752
2586083
2393755
1241660
2587637
2587638
2587809
2588859
2590035
2590036
1047135
2590112
2590113
2590270
1234821
2590975
2592315
2592874
2550641
2375152
2593034
2593215
2316440
2593336
2593337
2322679
1140164
2594570
2595246
2600239
2600240
2600241
2600242
2600243
2600244
2600245
2600246
2600247
2600248
2600459
2600460
2560254
2350346
1131113
2609307
2610702
2612502
2461417
1183694
1261425
2615809
2617166
2434433
2622393
2622394
2622395
2622396
2623935
2625948
2626948
1096236
2627317
2394215
2628532
2628533
2628534
2628535
2628536
2629177
1120391
2630883
2631176
2630884
2449218
2633365
1126045
2554669
2638760
2639167
2640291
2440096
2551610
2643406
2643574
2643575
2643576
2645694
2645695
2645696
2645697
2645698
2645699
2645700
2465524
2647204
2648703
1147678
1134633
2649404
2650247
2375361
2437342
967123
2653230
2609534
2655617
2657332
2657966
2657967
2659859
2659892
2659893
2662486
2380211
2662986
2440576
2664261
2664398
2664399
2664400
2319758
2328597
2666640
2667408
2488638
2667532
2667533
2635682
2668561
2669049
2669684
2670336
2670337
2670338
2670339
2670340
2671742
2672325
2673393
2674571
2580073
2675472
2675473
2675474
2675475
2675820
1140144
2676578
2676579
2676580
2678235
2678254
2680186
2680187
2541493
1088538
1152383
956647
2554712
2683134
2340157
2683687
2683688
2683689
1059057
2679471
2368309
2647205
2684643
2684644
2684645
2527073
1152974
1226099
2454380
2689143
2689144
1185117
2690772
2692351
2676581
2695079
2695080
2695081
2695082
2695083
2695403
2695404
2695405
2695406
2695407
2695408
2695409
2695410
2695411
2695412
2695413
2695952
2695953
2695954
2695955
1191044
1206013
2702391
2704120
2704121
2704122
2704123
2530436
2706589
2450605
2384689
2707861
2660687
2335361
2713579
2595794
2661632
2716311
2458933
2716487
2716488
2716489
2716490
2590037
2717022
2719764
2719765
2712954
2721900
2721901
2724433
2311948
2311907
2345210
2731357
2731358
2731359
2731360
2731361
2731362
2731363
2731364
2731365
2731366
2731367
2731368
2731369
2731370
2731371
2551423
2594351
2732716
2735276
2738047
2738048
2738049
2738050
2738051
2495572
2739705
2739706
2739707
2739708
2740175
2511486
2633635
2344465
2743152
2743893
2743894
2744850
2744851
2745734
2745735
2745736
2745737
2745738
2745739
2745740
2745741
2745742
2745743
2745744
2745745
2633855
2749475
2749476
2749478
2659583
2751883
2624341
1165267
2757527
2759371
2761541
2761542
2667534
2518902
2560210
2622417
2505228
2439851
2776332
2777512
2778150
2779352
2782641
2782642
2782643
2786061
2587639
2474412
2788749
2788750
2788751
2788752
2788944
2789093
2789094
1149151
2789771
2339356
2789782
2791362
2354610
2792798
1207623
2471955
1172125
2796410
2798667
2798668
2679046
2798895
2373363
2803606
2803607
2805411
2805412
2805413
2805414
2805415
2805416
2805417
2639168
1173673
2805919
1267182
1193928
2806008
2806009
2793553
2344639
2809052
2809053
2809054
2527074
1563758
2650892
2811581
2811582
2811583
2811717
2811718
2331492
2319778
1075931
2627318
2815541
2815806
2571534
2817669
2447842
2822256
2822257
1217896
1114635
2588970
2828314
978332
2832286
2607161
2836767
2838405
2399812
1087836
2685952
2839902
2839903
2842373
2842540
2842541
2586826
2843312
2843313
2686858
2845122
2845123
2845124
2845125
2845126
2671307
2846100
2846101
2846102
2846103
2846104
2846105
2846106
2846107
2846108
2846109
1208319
2462708
2847551
2847552
2847553
2847554
2847555
2847556
2847557
2847737
2847738
2847739
2847740
2848604
2850290
2850580
2851387
1157071
2789783
2855980
2855981
2855982
2855983
2327362
2856609
2857518
2857586
2857587
2857588
2857589
2857590
2857591
2372494
2311710
2794700
2858598
2858599
2858600
2858601
2858602
2555996
2860341
2860342
1076387
2860486
2861900
2861901
2861902
2861903
2861904
2861905
2861906
2861907
2861908
2861909
2861910
2863478
2863479
2863826
2863827
2863828
2459979
2522755
2485216
2867336
2867337
2867338
2867514
2867515
2867516
2867517
2867518
2867519
2867520
2867521
2867522
2867523
1114459
2579612
2868546
1236724
2871364
2871365
2871366
2871367
2871368
2344889
2873402
2873403
2873404
2873405
2873767
2873768
2873769
2873770
2873771
2873772
2873773
2873774
2873775
2873776
2873777
2874046
2874047
2874048
1037525
2875682
2875683
2875684
2875685
2875686
2680869
2876504
2876505
2880439
2880440
2880441
2880442
2525915
2324931
2446401
2881738
2881739
2881740
2881741
2881742
2881743
2881744
2881745
2883642
2883643
2883644
2883645
2883646
2883647
2883648
2883649
2883650
2883651
2886351
2886352
2886353
2886354
2886355
2886356
2886357
2886358
2886359
2888755
2888756
2888757
2888758
2888759
2888760
2888761
2888762
2888763
2888764
2812816
2888930
2888931
2888932
2888933
2888934
2888935
2890235
2890236
2890237
2890238
2890239
2890240
2890241
2890242
2890243
2890244
2891290
2891291
2891292
2891293
2891294
965951
2891884
2891885
2891886
2891907
2683690
2893080
2896019
2896745
2902528
2902529
2902530
2902531
2902532
2902533
2902534
2902732
2903882
2903883
2220672
2907326
2907327
2907913
2907914
2908165
2908166
2908181
2909182
1162854
2910221
2910222
2910223
2910224
2910225
2910226
2910227
2910228
2910229
2912260
2912261
2550142
2913298
2913299
2913300
2913301
2913302
2916685
2916686
2916687
2916688
2916689
2916690
2916691
2916692
2560645
2919632
2920305
2920306
2920307
2920308
2921694
2921695
2921696
2921697
2921698
2925610
2925901
2769758
3040554
3040555
1186234
3041196
3041300
3041301
3041302
3041303
3041304
3041305
3041306
3041307
3041308
3041309
510344
958078
963507
973892
1021887
1034445
1036983
1053921
1055721
1074634
1111049
1113364
1117629
1119420
1122753
1122947
1123784
1127823
1149223
1153407
1162007
1162855
1162867
1174153
1174849
1177983
1208338
1218363
1229361
1244625
1253961
1264424
1272134
1348271
1348888
1350316
1349720
1564552
2184611
2185366
2199501
2315674
2322547
2325125
2330294
2341938
2346605
2346933
2363836
2368675
2368971
2374253
2391801
2391806
2395862
2396112
2426779
2437455
2440820
2448967
2456523
2462996
2466081
2374891
2469721
2472935
2475109
2478092
2484972
2490040
2495544
2496213
2498975
2507888
2511343
2512848
2517741
2520898
2521856
2527980
2529394
1358854
2544112
2546741
2563364
2565322
2580106
2584753
2588162
2588860
2592917
2593338
883562
2609308
2618669
2623522
2626577
2628537
2629773
2632898
2640292
2643577
2645701
2662987
2670341
2683391
2695414
2709624
2715731
2732717
2735277
2738095
2740176
2743895
639969
2752288
2754809
2499702
2763575
2769702
2192229
2788753
2788945
2800800
2807440
2812079
2816965
2821399
2828085
2836768
3041310
