838920	0	838919	0	838921	0
968187	0	968186	0
2626948	0	1120391	0
838921	0	838920	0	838922	0
968186	0	968187	0
1264423	0	1264424	0	1270643	0	2873405	0
838922	0	838921	0	535446	0
838923	0	838924	0	839004	0
838924	0	838923	0	838925	0
838925	0	838924	0	838926	0
724903	0	724904	0	639972	0	883583	0
1254622	0	1254193	0	1254623	0
2541491	0	2541492	0
724902	0	724901	0	724692	0
1254623	0	1254622	0	1254624	0
2541492	0	2541493	0
724901	0	724900	0	724902	0
2541493	0	1072915	0
724900	0	724899	0	724901	0
724907	0	724906	0
724906	0	724905	0	724907	0
724905	0	724904	0	724906	0
724904	0	724903	0	724905	0
2679471	0	2374253	0	2811581	0
838915	0	838910	0	838916	0
838916	0	838915	0	838917	0
838917	0	838916	0	838918	0
838918	0	838917	0	838952	0
838919	0	838920	0	838959	0	1566447	0
1344663	0	1344664	0
1344662	0	1344663	0
1254624	0	1254623	0	530691	0
1344665	0	1344675	0
1344664	0	1344665	0
838910	0	838911	0	838915	0	839094	0
838911	0	838910	0	838912	0
1564735	0	1564736	0
838912	0	838911	0	838913	0
838913	0	838912	0	838914	0
838914	0	838913	0	838960	0
1564737	0	569431	0
1145055	0	1145056	0	2192545	0	2587809	0
1564736	0	1564737	0
2615809	0	2517190	0	2541493	0
1145056	0	1145057	0
2522755	0	1271414	0	713253	0
1145057	0	2560250	0	2350039	0
2223764	0	1564474	0
1344676	0	1038106	0	1372274	0
1344675	0	1344676	0
2850290	0	639970	0
2855980	0	2789783	0	2855981	0
1183795	0	1165266	0	2481277	0	1037525	0
2855983	0	2855982	0	2327362	0
2855981	0	2855980	0	2855982	0
2855982	0	2855981	0	2855983	0
2659893	0	1131148	0
2541478	0	2541479	0
2541479	0	551811	0
2659892	0	2659893	0
1180284	0	1180285	0	2554710	0	2650892	0
1180285	0	2337548	0
2461242	0	1161849	0	1106799	0	1019428	0
2761541	0	2761542	0
1174848	0	1174849	0
2761542	0	1173673	0
2896019	0	2850580	0	775682	0
963701	0	606674	0
2352961	0	1158901	0
2485216	0	1347091	0	2587637	0
2200679	0	1048770	0
2817669	0	2439153	0
2695955	0	2396102	0
2695954	0	2695955	0
1358857	0	1358856	0	535485	0
1358856	0	1358857	0
2828314	0	2322545	0
2695953	0	2695954	0
2695952	0	2695953	0
2735276	0	2735277	0	2220674	0	1157070	0
2669684	0	2462996	0
838962	0	838961	0	838963	0
2451410	0	2451411	0
838963	0	838962	0	838964	0
838964	0	838963	0	838965	0
838965	0	838964	0	838944	0
2451411	0	2219385	0
687441	0	687440	0	687442	0
687442	0	687441	0	687443	0
1147681	0	569433	0	2868546	0	1007224	0
687443	0	687442	0	687444	0
687444	0	687443	0	687445	0
965951	0	2891884	0
838960	0	838914	0	838961	0
687440	0	687439	0	687441	0
838961	0	838960	0	838962	0
687438	0	687439	0	1248322	0
1252003	0	750238	0	1252004	0
687439	0	687438	0	687440	0
1252005	0	1252004	0	1252006	0
1252004	0	1252003	0	1252005	0
1228362	0	1228363	0
1360714	0	1113363	0	1368933	0	2484972	0
1228363	0	2384685	0
838959	0	838958	0	838919	0
1228360	0	1228361	0
1228361	0	1228362	0
1252007	0	1252006	0	1252008	0
1252006	0	1252005	0	1252007	0
2629177	0	2439744	0
1252008	0	1252007	0	528681	0
2488707	0	2465523	0
838951	0	838950	0	610178	0
838952	0	838918	0	838953	0
838953	0	838952	0	838954	0
838954	0	838953	0	838955	0
838955	0	838954	0	838956	0
838956	0	838955	0	838957	0
838957	0	838956	0	838958	0
838958	0	838957	0	838959	0
1354039	0	1354040	0
838950	0	838949	0	838951	0
1147678	0	1065007	0
687445	0	687444	0	687446	0
687446	0	687445	0	687447	0
687447	0	687446	0	687448	0
687448	0	687447	0	952773	0
838948	0	838947	0	838949	0
838949	0	838948	0	838950	0
775687	0	569296	0	775688	0	2340157	0
775688	0	775682	0	775687	0
2798895	0	2527074	0
775681	0	775680	0	775682	0
838940	0	838939	0	838941	0
1221759	0	1221758	0	2434433	0
2529393	0	2529394	0
775682	0	775681	0	775688	0	2896019	0
838941	0	838940	0	838942	0
1221758	0	1221757	0	1221759	0
2529392	0	2529393	0
838942	0	838941	0	838943	0
1075921	0	1075922	0	1075925	0
1221757	0	1221756	0	1221758	0
775680	0	775679	0	775681	0
838943	0	838942	0
1221756	0	1221757	0	2549470	0
775685	0	775684	0	775686	0
838944	0	838945	0	838965	0
1075923	0	1075924	0
1162854	0	2909182	0
775686	0	775685	0	569298	0
838945	0	838944	0	838946	0
1162853	0	1162854	0	1162855	0
1075922	0	1193192	0
775683	0	775674	0	775684	0
838946	0	838945	0	838947	0
1075925	0	1075924	0	1348887	0
775684	0	775683	0	775685	0
838947	0	838946	0	838948	0
1075924	0	1075923	0	1075925	0
2334694	0	2330293	0	2340274	0
2374300	0	1080787	0	2373379	0
1354040	0	1353320	0
1251135	0	1145434	0
2363655	0	2526168	0
775678	0	775677	0	775679	0
838937	0	838936	0	838938	0
2363654	0	2363655	0
2579612	0	1135749	0
775679	0	775678	0	775680	0
838938	0	838937	0	838939	0
2350346	0	1207623	0	2607161	0
838939	0	838938	0	838940	0
1346426	0	1346427	0
775677	0	775678	0	776502	0
1346427	0	1348271	0
1346425	0	1346426	0
775670	0	775669	0	775671	0
1344252	0	1378387	0	1350212	0
775671	0	775670	0	775672	0
838930	0	838929	0	838931	0
1344251	0	1344252	0
838931	0	838930	0	838932	0
838932	0	838931	0	838933	0
1075931	0	2639168	0
775674	0	775673	0	775683	0	1087385	0	838994	0
838933	0	838932	0	838934	0
1239495	0	717353	0	2461326	0
838934	0	838933	0	838935	0
2196495	0	2450605	0
775672	0	775671	0	775673	0
838935	0	838934	0	838936	0
775673	0	775672	0	775674	0
838936	0	838935	0	838937	0
1273370	0	1159354	0	2331490	0
2617166	0	1349153	0
717355	0	717354	0	1378386	0
2223344	0	2195615	0	2437342	0
717353	0	717354	0	717437	0	2335796	0
2679046	0	2798895	0	2439153	0
717354	0	717353	0	717355	0
1124114	0	515013	0
2185365	0	2185366	0	2667408	0
775667	0	775666	0	775668	0
838926	0	838925	0	838927	0
775668	0	775667	0	775669	0
838927	0	838926	0	838928	0
775665	0	775664	0	775666	0
838928	0	838927	0	838929	0
775666	0	775665	0	775667	0
838929	0	838928	0	838930	0
775669	0	775668	0	775670	0
2316440	0	2593336	0
2908181	0	1164316	0	1248448	0
1185116	0	1185117	0	2437300	0
1185117	0	2508829	0	1172066	0
1154856	0	1036022	0
2341886	0	1072915	0
1154855	0	1154856	0
2919632	0	1037525	0	2531788	0
606482	0	606481	0	606680	0	2907326	0
606481	0	606482	0	606677	0	2337329	0	2842373	0
1116575	0	2507887	0	2575526	0
1212824	0	1177983	0	2669049	0	2638760	0
1254223	0	530691	0	1253633	0
1116574	0	1116575	0	1218363	0	687448	0
883568	0	639983	0
2590037	0	2717022	0	2903882	0
2590035	0	2590036	0	1025265	0
1566069	0	838994	0	1566070	0
2590036	0	2590037	0
883566	0	639972	0	883592	0
883567	0	883568	0
838995	0	838994	0	838996	0
883560	0	639970	0	883561	0
2537843	0	1272618	0	2378214	0
838996	0	838995	0	838997	0
883561	0	883560	0	883592	0	883628	0
838997	0	838996	0	838998	0
838998	0	838997	0	838999	0
838999	0	838998	0	839000	0
2860486	0	1076387	0	2850580	0
1153998	0	1201552	0
838994	0	838995	0	1566069	0	1566348	0
1208319	0	2846109	0	2883642	0	1096160	0
1566070	0	1566069	0	1566071	0
1208317	0	1208318	0	2488993	0	2857518	0
1566071	0	1566070	0	1566072	0
1208318	0	1208319	0
1566072	0	1566071	0	1566073	0
2609534	0	2590270	0
1566077	0	1566076	0	1566078	0
2908166	0	2908165	0	2339293	0
1080850	0	952776	0
1566078	0	1566077	0	1566079	0
1566079	0	1566078	0	973934	0
2908165	0	1038107	0	2908166	0
1177982	0	1177983	0	2394214	0
1566073	0	1566072	0	1566074	0
1566074	0	1566073	0	1566075	0
1566075	0	1566074	0	1566076	0
1566076	0	1566075	0	1566077	0
977959	0	978332	0	1253898	0	1253991	0
733447	0	1248767	0
2456768	0	1147479	0
2475486	0	1075922	0	1348887	0
2367134	0	2498975	0	2623522	0
1265337	0	1265338	0	2690772	0	2627318	0
2554390	0	2221756	0
2428299	0	2428300	0
883590	0	883591	0
883591	0	515015	0
977958	0	977959	0	1248771	0	1253345	0	2339354	0
883592	0	883561	0	883566	0
2544109	0	2544110	0
2544108	0	2544109	0	2544219	0
1265338	0	1265337	0	2465337	0
1075048	0	717439	0	528679	0	2893080	0
1059432	0	1122947	0
1059431	0	1059432	0
1059430	0	1059431	0
883586	0	883585	0	883587	0
883587	0	883586	0
883588	0	883589	0
2367133	0	2367134	0
883589	0	883590	0
883583	0	724903	0	883584	0
883584	0	883583	0	883585	0
883585	0	883584	0	883586	0
1162006	0	1162007	0	2857518	0	2345850	0
1059429	0	1059430	0
1076386	0	2219416	0
1208337	0	1208338	0	1234914	0
2458933	0	2716487	0
1076387	0	2860486	0
1253346	0	1253345	0	1253347	0
2544110	0	2544111	0
1253347	0	1253346	0	1253348	0
2220672	0	2903883	0
1253345	0	977958	0	1253346	0
2544111	0	2544112	0
2220674	0	2220672	0	2735276	0
1193193	0	2372515	0
1193192	0	1193193	0	2511486	0
2554389	0	2554390	0	2675820	0
2570459	0	2570460	0
1048770	0	2192158	0
2570458	0	2570459	0	1154855	0
1253348	0	1253347	0	1253349	0
2316439	0	2316440	0
1253349	0	1253348	0	1255150	0
2858599	0	2858598	0	2858600	0
2228183	0	2223344	0
2858598	0	2794700	0	2858599	0
2348475	0	2348476	0
2510390	0	1265338	0	2752288	0
2315556	0	2311947	0	1191401	0
2348476	0	515018	0
1349515	0	1354039	0	1373156	0
1349514	0	1349515	0
2372515	0	885311	0
510241	0	510240	0	1054697	0	1366728	0
2560645	0	1047112	0
510240	0	510241	0	963500	0	1368934	0
2337330	0	2344855	0
2549868	0	952559	0	2848604	0
641606	0	641605	0	641607	0
641605	0	641604	0	641606	0
641608	0	641607	0	641609	0
2544178	0	2544108	0
641607	0	641606	0	641608	0
1157070	0	1157071	0	2735276	0
641609	0	641608	0	641610	0
641600	0	641599	0	641603	0
1157071	0	2227756	0
641602	0	641601	0	885299	0	1358283	0
641601	0	641577	0	641602	0	1015212	0
1065279	0	1065280	0	2437325	0
641604	0	641603	0	641605	0
641603	0	641600	0	641604	0
713839	0	713838	0	713840	0
1163309	0	2580207	0
713838	0	713837	0	713839	0
1163308	0	1163309	0
713835	0	559287	0	713836	0
713837	0	713836	0	713838	0
1065281	0	1036868	0	2255841	0	2286979	0
713836	0	713835	0	713837	0
1065280	0	1065281	0
2873770	0	2873769	0	2873771	0
2873771	0	2873770	0	2873772	0
2580207	0	2580208	0
2580208	0	1210517	0
2337329	0	2337330	0
2873776	0	2873775	0	2873777	0
2443419	0	2223764	0	1165421	0	1564919	0
2873777	0	2873776	0	2657966	0
2873774	0	2873773	0	2873775	0
2873775	0	2873774	0	2873776	0
2440383	0	2335900	0
2873772	0	2873771	0	2873773	0
2873773	0	2873772	0	2873774	0
641610	0	641609	0
1349539	0	1349541	0	2190693	0
641613	0	641612	0	641614	0
2664400	0	1181426	0
641612	0	641613	0	885307	0
1106799	0	717437	0
713840	0	713839	0	528685	0
641614	0	641613	0	885303	0
1349541	0	1352434	0
1184698	0	968187	0	1022353	0	2227108	0
2925901	0	2686858	0	1236724	0	2671307	0	2794700	0
1202604	0	1244625	0
2650247	0	1131152	0
1202603	0	1202604	0	687497	0	2848604	0
2873767	0	2873768	0	2891294	0	2836767	0	1096160	0
2873768	0	2873767	0	2873769	0
1256413	0	1162853	0	2393755	0
2222892	0	2180195	0	1161948	0	2828314	0
2683134	0	645038	0
2182257	0	2182258	0
2182256	0	2182257	0
2182258	0	2196689	0
2873769	0	2873768	0	2873770	0
1072035	0	1072036	0
2836767	0	2836768	0	1019428	0	2873767	0
1072036	0	1072037	0
1072037	0	2462996	0
1004349	0	2380211	0	2612502	0	2650892	0
1179637	0	1179638	0
1179638	0	1179639	0
1179639	0	1271414	0
1255150	0	1253349	0	1140133	0
1059057	0	1145434	0
1065749	0	1065750	0	528204	0	2319777	0
2594351	0	2732716	0
956646	0	956647	0	2325124	0
956647	0	2650247	0
1239903	0	2316439	0
1239902	0	1239903	0	2456523	0	511923	0
1086682	0	1086683	0	1074633	0
1086683	0	1074634	0
2551609	0	2551610	0	2374253	0	2673393	0
967787	0	528201	0
967786	0	967787	0	971464	0
1350430	0	1074634	0
1193928	0	2806008	0
1140163	0	552156	0	1261425	0	2587639	0
2575603	0	2575604	0
2575604	0	2575605	0
1140164	0	2594570	0	2655617	0
1122752	0	1122753	0	2462041	0
2575605	0	2575606	0
2575606	0	2575607	0
2575607	0	2575608	0
2575608	0	2575609	0
2575609	0	2575610	0
2551610	0	2440383	0	2659583	0
1349449	0	1349450	0
2575600	0	2575601	0
2575601	0	2575602	0
1349447	0	968212	0
1065750	0	2187651	0
2575602	0	2575603	0
1029629	0	963701	0	1086683	0
2344855	0	1193193	0	1146786	0
2731369	0	2731370	0
2731368	0	2731369	0
2731367	0	2731368	0
2815806	0	1208338	0
1349450	0	535372	0
2731366	0	2731367	0
1350442	0	1353797	0
1350441	0	1350442	0
2335900	0	1351360	0	1047111	0
2375151	0	2375152	0	2375304	0
2527978	0	2527979	0
2575614	0	2575615	0
1038106	0	1038107	0	1042652	0
2527979	0	2527980	0
2544065	0	1140144	0
2575615	0	2575616	0
2375152	0	2593034	0	1349158	0
2673393	0	2659583	0	2478092	0
2575616	0	2575617	0
2575617	0	2575618	0
2575618	0	2575619	0
2575619	0	2575620	0
1038107	0	1038106	0	1042648	0	2908165	0
2544064	0	2544065	0	2856609	0
2731365	0	2731366	0
2731364	0	2731365	0
2731363	0	2731364	0
2731362	0	2731363	0
1025265	0	2346933	0
2575610	0	2575611	0
2731361	0	2731362	0
2575611	0	2575612	0
2731360	0	2731361	0
2575612	0	2575613	0
2575613	0	2575614	0
2731359	0	2731360	0
2731358	0	2731359	0
2731357	0	2731358	0
2311947	0	2311948	0
2311948	0	1191403	0
2593034	0	1134633	0
1274702	0	1154856	0
2575620	0	2448987	0
2434519	0	2434520	0
2645700	0	2645701	0
2880440	0	2880439	0	2880441	0
2916685	0	2664398	0	2916686	0
2666640	0	1096428	0	1153998	0
2880441	0	2880440	0	2880442	0
2434517	0	2434518	0
2434518	0	2434519	0
1031920	0	528202	0	2195758	0
2627318	0	1208337	0	1265337	0
2880442	0	2880441	0	2461503	0
2627317	0	2627318	0
2194642	0	1065750	0
2343504	0	1174149	0
2916689	0	2916688	0	2916690	0
2434516	0	2434517	0	3041300	0
2916688	0	2916687	0	2916689	0
2916687	0	2916686	0	2916688	0
2916686	0	2916685	0	2916687	0
2465269	0	1154146	0
1140134	0	1140135	0
2255845	0	2255844	0	2255846	0
1140135	0	1140136	0
2255844	0	2255843	0	2255845	0
1140132	0	2368675	0
2465268	0	2465269	0
1140133	0	1140134	0	1249611	0	1255150	0
2255846	0	2255845	0	2240943	0
2465267	0	2465268	0
1140138	0	1140139	0
2255841	0	1065281	0	2255842	0
1140139	0	1140140	0
1140136	0	1140137	0
2255843	0	2255842	0	2255844	0
1140137	0	1140138	0
2255842	0	2255841	0	2255843	0
1353988	0	1351259	0
2916692	0	2916691	0	2541759	0
2916691	0	2916690	0	2916692	0
1053700	0	1053701	0
2916690	0	2916689	0	2916691	0
1053701	0	2192545	0
2434522	0	2437030	0	1174849	0
552161	0	552157	0
552160	0	552161	0
1106282	0	515022	0	2531588	0
2434520	0	2434521	0
2434521	0	2434522	0
2378214	0	1272619	0	2588970	0
2471955	0	2648703	0
2880439	0	1135749	0	2880440	0
552159	0	552160	0	750214	0	1253979	0
957542	0	957543	0
552158	0	552155	0	1373687	0
957543	0	2341937	0	2821399	0
552157	0	552158	0	1362109	0
552156	0	1140164	0	1350376	0
1372279	0	1372278	0	641597	0
1372278	0	1372277	0	1372279	0
1372277	0	1372276	0	1372278	0
1372276	0	1372275	0	1372277	0
1372275	0	1372274	0	1372276	0
1372274	0	1344676	0	1372275	0
552155	0	552156	0	2373363	0
2846108	0	2846107	0	2846109	0
2846107	0	2846106	0	2846108	0
2846109	0	2846108	0	1208319	0
2846104	0	2846103	0	2846105	0
2846103	0	2846102	0	2846104	0
2846106	0	2846105	0	2846107	0
2846105	0	2846104	0	2846106	0
2846100	0	2657966	0	2846101	0
2846102	0	2846101	0	2846103	0
2846101	0	2846100	0	2846102	0
2890235	0	1275058	0	2890236	0
2890236	0	2890235	0	2890237	0
2890237	0	2890236	0	2890238	0
2890238	0	2890237	0	2890239	0
1252902	0	1045713	0	559287	0
2890239	0	2890238	0	2890240	0
2401653	0	1194833	0	2462707	0
2777512	0	2451410	0
2458975	0	2458976	0	2580105	0	2662986	0
2458976	0	2325124	0
2196814	0	2221751	0	2512847	0
1140141	0	1140142	0
1140142	0	1140143	0
2890240	0	2890239	0	2890241	0
2890241	0	2890240	0	2890242	0
1140140	0	1140141	0
1165420	0	1165421	0
2890242	0	2890241	0	2890243	0
1165421	0	1564552	0
2890243	0	2890242	0	2890244	0
2890244	0	2890243	0	2491731	0
1140143	0	1140144	0
2311906	0	2311907	0
1140144	0	2676578	0
2311907	0	968692	0	1114633	0
2717022	0	1157070	0
2447842	0	2395861	0
2791362	0	1183795	0
2541419	0	2541420	0
2667533	0	2667534	0
2667534	0	2315689	0
1565652	0	1565651	0	1000480	0
2704122	0	2704123	0
2704123	0	2584748	0
2704120	0	2704121	0
2704121	0	2704122	0
2881739	0	2881738	0	2881740	0
2881738	0	2446401	0	2881739	0
1147641	0	2391802	0	2788749	0
665566	0	665565	0	920432	0
641598	0	641597	0	641599	0
3041309	0	3041310	0
641597	0	641598	0	885301	0	1372279	0
2793553	0	1145057	0
1565650	0	1565649	0	1565651	0
3041307	0	3041308	0
641599	0	641598	0	641600	0
1565651	0	1565650	0	1565652	0
3041308	0	3041309	0
2354609	0	2354610	0
2667532	0	2667533	0
3041301	0	3041302	0
2344465	0	2743152	0	2769758	0
3041302	0	3041303	0
2344464	0	2344465	0
2643575	0	2643576	0
2344463	0	2344464	0
2643576	0	2643577	0
3041300	0	3041301	0
3041305	0	3041306	0
3041306	0	3041307	0
3041303	0	3041304	0
3041304	0	3041305	0
665565	0	665566	0	885304	0	759007	0
1261425	0	2386079	0	1121210	0
2371187	0	2485573	0	2668561	0
2327900	0	2376178	0	2629773	0
2373361	0	2373362	0	1088537	0
2541420	0	2368675	0
2373363	0	1088538	0	2832286	0
2373362	0	2373363	0
2439851	0	2592315	0
2508829	0	1172065	0
1351360	0	1047112	0
1146786	0	1275058	0
2354610	0	2345537	0
2495543	0	2495544	0
2643574	0	2643575	0
2690772	0	2650247	0
1074633	0	1074634	0
2373379	0	1161482	0
1096428	0	1096429	0
1096429	0	1349069	0	1349869	0
2373378	0	2373379	0
2373377	0	2373378	0
2330293	0	2330294	0	2466081	0
2190216	0	1146755	0
717441	0	717440	0	717439	0
1086623	0	1086624	0	1249454	0	1254193	0
1019429	0	2350361	0	2623935	0
1086624	0	1274702	0
1019428	0	1019429	0	2836767	0	2461242	0
717440	0	528680	0	717441	0
1045713	0	1045712	0	1248448	0	1252902	0
1045712	0	1045711	0	1045713	0
2227756	0	2220674	0	1157071	0
1045711	0	1045712	0	559292	0
2554712	0	2345210	0
2554711	0	2554712	0
2554710	0	2554711	0	2560816	0
1373159	0	1373158	0	1351259	0
1373158	0	1373157	0	1373159	0
2322679	0	2594351	0
889688	0	644416	0
1373157	0	1373156	0	1373158	0
968693	0	2471955	0	2633635	0
889687	0	889688	0
968692	0	968693	0
1349069	0	1153407	0
1373156	0	1349515	0	1373157	0
2881743	0	2881742	0	2881744	0
889685	0	687448	0
2881742	0	2881741	0	2881743	0
2881741	0	2881740	0	2881742	0
2881740	0	2881739	0	2881741	0
1248448	0	1045713	0	952559	0	2908181	0
2881745	0	2881744	0	2856609	0
2881744	0	2881743	0	2881745	0
968213	0	1153998	0
2474606	0	2474412	0	2439851	0
968212	0	968213	0	1349449	0
717438	0	717437	0	717439	0	2555996	0
717439	0	717438	0	717441	0	1075048	0	2453439	0
1161948	0	1161221	0	2513794	0
717437	0	717353	0	717438	0
1161947	0	1217342	0
1267182	0	1193928	0
2749476	0	2570458	0
2749475	0	2749476	0
2749478	0	2544064	0
2789094	0	2593215	0
1178347	0	1054727	0	2178203	0	2595794	0
2789093	0	2789094	0
1349075	0	1096429	0
1352243	0	1349153	0
1352242	0	1352243	0
2450605	0	2615809	0	2803606	0
2600239	0	2600240	0
757071	0	757070	0	759009	0
757070	0	757069	0	757071	0
1146754	0	1146755	0
1146755	0	1036982	0
2595246	0	2563359	0
1194832	0	1194833	0	1174146	0
1194833	0	1194832	0	1201552	0	2462708	0
775731	0	775730	0	775732	0
775732	0	775731	0	569423	0
2721900	0	2721901	0
2721901	0	2685952	0
2346603	0	2346604	0
2346604	0	2346605	0
1053302	0	1053303	0
2286978	0	1036869	0	2286979	0
775730	0	775729	0	775731	0
1053303	0	1053302	0	758991	0
2286979	0	2286978	0	1065281	0
2600246	0	2600247	0
2600247	0	2600248	0
2600248	0	2451840	0
2702391	0	1096428	0
775728	0	569422	0	775729	0
2600240	0	2600241	0
775729	0	775728	0	775730	0
2459880	0	1186986	0
2600241	0	2600242	0
1088815	0	1088816	0	1148277	0
1232926	0	1232927	0	2401295	0
2190693	0	2190694	0
2600242	0	2600243	0
2190694	0	1052153	0
2600243	0	2600244	0
2600244	0	2600245	0
1232927	0	1122752	0	1045443	0
1088816	0	2311948	0	1148276	0
2600245	0	2600246	0
1042652	0	1346425	0
2491141	0	2340890	0	2653230	0	2716311	0
1042650	0	1042651	0
1042651	0	1042652	0
885299	0	641602	0	885300	0
2912261	0	2912260	0	2550142	0
885298	0	885297	0	885285	0
2912260	0	2437452	0	2912261	0
2344893	0	2337330	0	2550007	0	2372515	0
2510731	0	1018130	0	2333925	0
885295	0	641589	0	641590	0
2440819	0	2440820	0
885297	0	885296	0	885298	0
2440818	0	2440819	0
2481323	0	1042648	0
885296	0	885297	0	885300	0	1366728	0
2440817	0	2440818	0
2481322	0	2481323	0
2481321	0	2481322	0
2481320	0	2481321	0
885293	0	885292	0	885301	0
885292	0	641592	0	885293	0
2587639	0	1253961	0
2587638	0	2587639	0
2587637	0	2587638	0	2485216	0
1042649	0	1042650	0
2274985	0	2274984	0	2274986	0
2274984	0	2274983	0	2274985	0
2274987	0	2274986	0	890344	0
1042648	0	1042649	0	1038107	0	2891907	0
2274986	0	2274985	0	2274987	0
2274981	0	2274980	0	2274982	0
2274980	0	2274979	0	2274981	0
2549390	0	645039	0
2274983	0	2274982	0	2274984	0
2274982	0	2274981	0	2274983	0
885287	0	885325	0
1565648	0	724703	0	1565649	0
885284	0	885285	0	2860341	0
2344888	0	2344889	0
2440809	0	2440810	0
757069	0	757068	0	757070	0
2344887	0	2344888	0
757068	0	757067	0	757069	0
885286	0	885287	0
2344886	0	2344887	0
2447441	0	1075755	0	2669684	0	2529201	0
757067	0	757066	0	757068	0
885285	0	885298	0	885305	0	2847740	0
2344885	0	2344886	0
757066	0	569423	0	757067	0
2344889	0	2873402	0
1565649	0	1565648	0	1565650	0
2631176	0	1229361	0
1145434	0	1145435	0
1145435	0	1145436	0
2678235	0	2560254	0
1145436	0	1145437	0
1145437	0	599906	0
2274978	0	645019	0	2274979	0
2389758	0	542203	0	2560209	0
2274979	0	2274978	0	2274980	0
2440816	0	2440817	0
2588970	0	2574128	0
2440815	0	2440816	0
2440814	0	2440815	0
2440813	0	2440814	0
2440812	0	2440813	0
2440811	0	2440812	0
2440810	0	2440811	0
535472	0	535473	0
2394215	0	2335361	0
535473	0	535472	0	535455	0
2394214	0	2394215	0
1563758	0	2474606	0
1563757	0	1563758	0	1563769	0
1183694	0	2449215	0	2399812	0
535470	0	535469	0	535365	0
1183693	0	1183694	0	2441904	0
1034441	0	1034442	0
1034440	0	1034441	0
1034443	0	1034444	0
1034442	0	1034443	0
883605	0	883604	0	883606	0
883606	0	883605	0	883607	0
1034444	0	1034445	0
883607	0	883606	0	883608	0	883626	0
883608	0	883607	0	612818	0
535469	0	535468	0	535470	0
883601	0	883600	0	883602	0
2888763	0	2888762	0	2888764	0
883602	0	883601	0	883603	0
2888764	0	2888763	0	2812816	0
883603	0	883602	0	883604	0
2888761	0	2888760	0	2888762	0
883604	0	883603	0	883605	0
2888762	0	2888761	0	2888763	0
1345633	0	1029629	0
2888760	0	2888759	0	2888761	0
1253898	0	977959	0	1253899	0
883600	0	883599	0	883601	0
1253899	0	1253898	0	1253900	0
1345631	0	1080788	0	2713579	0
973888	0	973889	0
973887	0	973888	0	2704120	0
535485	0	535486	0	975212	0	1358857	0	2896745	0
2888758	0	2888757	0	2888759	0
535486	0	535485	0	724710	0
2888759	0	2888758	0	2888760	0
535487	0	535488	0	724803	0
2863479	0	2863478	0	2789783	0
2888756	0	2888755	0	2888757	0
535488	0	535487	0	535489	0
2863478	0	2327362	0	2863479	0
2888757	0	2888756	0	2888758	0
535489	0	535488	0	535490	0
973889	0	973890	0
2888755	0	2680869	0	2888756	0
1563769	0	1563770	0
2488852	0	1026357	0	2907913	0
1251220	0	1154147	0
973891	0	973892	0
1034438	0	1034439	0	551808	0
973890	0	973891	0
1034439	0	1034440	0
2489709	0	2393775	0
2489708	0	2489709	0	2195673	0	2586826	0
2689144	0	2456768	0
2401295	0	1122752	0	2812079	0
535455	0	535456	0	535473	0
535456	0	535455	0	535457	0
2689143	0	2689144	0
535457	0	535456	0	535458	0
1152974	0	1147678	0
1112478	0	569422	0	2661632	0
1139990	0	1139991	0	2193697	0
1139991	0	2335360	0
883627	0	883626	0	883628	0
883628	0	883627	0	883561	0
2788944	0	2788945	0
2921694	0	1120389	0	2921695	0
883626	0	883607	0	883627	0
2224528	0	972347	0
1346985	0	1346986	0
1563770	0	1564473	0
2921698	0	2921697	0	1236723	0
1346986	0	535372	0
2921697	0	2921696	0	2921698	0
2921696	0	2921695	0	2921697	0
2921695	0	2921694	0	2921696	0
535461	0	535460	0	535462	0
535462	0	535461	0	535463	0
535463	0	535462	0	535464	0
599908	0	599907	0	599931	0	599906	0	1361011	0
535464	0	535463	0	535465	0
535465	0	535464	0	535466	0
599906	0	599905	0	599908	0
535466	0	535465	0	535467	0
599907	0	599908	0	820806	0	1361009	0	599934	0	820802	0
952944	0	952774	0	687487	0
1565961	0	569298	0	1565962	0
535467	0	535466	0	535468	0
1565962	0	1565961	0	1565963	0
535468	0	535467	0	535469	0
599905	0	599906	0	1361009	0
1565963	0	1565962	0	1565982	0	1087343	0
535460	0	535459	0	535461	0
535458	0	535457	0	535459	0
971690	0	971691	0
535459	0	535458	0	535460	0
971691	0	2188948	0
1346998	0	1075756	0	2876504	0
1346996	0	1346997	0
1346997	0	1346998	0
2695405	0	2695406	0
2695404	0	2695405	0
2695407	0	2695408	0
2695406	0	2695407	0
2449215	0	2449216	0	2456036	0	2674571	0
2695409	0	2695410	0
2695408	0	2695409	0
1123594	0	1123595	0	2588162	0
2573171	0	2330604	0	2548708	0	2451410	0
890344	0	2263111	0	2274987	0	2308084	0
2695403	0	2695404	0
2907326	0	606482	0	2907327	0
2907327	0	2907326	0	2550007	0
1123595	0	1123594	0	957542	0
1272133	0	1272134	0	2447842	0
2449218	0	2378469	0
2449217	0	2449218	0
2449216	0	2449217	0
2661632	0	2715731	0	2738095	0
1569012	0	616889	0	775658	0
2891907	0	1042648	0	1243781	0
1217342	0	1028841	0	1159354	0
1217341	0	1217342	0
1563727	0	1111043	0	2374891	0
2806008	0	2806009	0
2806009	0	1106799	0
2544219	0	2458933	0
2695410	0	2695411	0
2695412	0	2695413	0
2695411	0	2695412	0
2695413	0	998968	0
2245462	0	2240943	0	1026357	0
1161849	0	1193928	0	1123783	0
1161848	0	1161849	0
535494	0	535493	0	535495	0
535495	0	535494	0	535496	0
535496	0	535495	0	535497	0
641581	0	641580	0	641582	0
535497	0	535496	0
641580	0	641579	0	641581	0
641583	0	641582	0	641584	0
641582	0	641581	0	641583	0
641585	0	641584	0	641586	0
641584	0	641583	0	641585	0
2692351	0	2354610	0
535490	0	535489	0	535491	0
535491	0	535490	0	535492	0
535492	0	535491	0	535493	0
535493	0	535492	0	535494	0
2522403	0	2334694	0	2851387	0
2842541	0	2842540	0	2868546	0
2842540	0	2842541	0	2335797	0	2555996	0
2525915	0	1243781	0	2369618	0
1113363	0	1113364	0	1063314	0	1360714	0
2187651	0	1043334	0
2525914	0	2525915	0
641576	0	569425	0	641577	0
1043334	0	528204	0	1031920	0
2461327	0	2461328	0
1043335	0	1043334	0	2371187	0	2650892	0
2461326	0	2461327	0	1106799	0
641578	0	641579	0	759094	0	1044473	0
2662986	0	2662987	0
641577	0	641576	0	641601	0	2311710	0
641579	0	641578	0	641580	0
2495572	0	1349156	0
2495571	0	2495572	0	2675472	0
2925610	0	2812816	0	2680869	0	1236723	0	1120389	0
2461328	0	2461242	0
641590	0	641591	0	885295	0
2428303	0	2428304	0
2428304	0	2448967	0	2465523	0
641592	0	641591	0	885286	0	885292	0	1344662	0
2428301	0	2428302	0
641591	0	641590	0	641592	0
2428302	0	2428303	0
2428300	0	2428301	0
2372494	0	2857591	0	2861900	0	1275057	0
641587	0	641586	0	641588	0
641586	0	641585	0	641587	0
1140942	0	559295	0
641589	0	641588	0	885295	0	1356093	0
641588	0	641587	0	641589	0
2345210	0	1087835	0
1253428	0	569425	0	1248743	0
952558	0	952557	0	952559	0
952559	0	952558	0	1248448	0	687438	0
2189809	0	2175887	0	2777512	0
952556	0	952555	0	952557	0
952557	0	952556	0	952558	0
1153403	0	1153404	0
1153402	0	1153403	0
1153405	0	1153406	0
1153404	0	1153405	0
2672325	0	2624341	0
1153406	0	1153407	0
1268509	0	1226099	0
2549930	0	2549868	0
2476002	0	528205	0
2393755	0	2586826	0
535401	0	535402	0
535402	0	535401	0	535403	0
2675820	0	2512847	0
1372846	0	1372845	0	1353797	0
1372845	0	1356095	0	1372846	0
1254334	0	1254333	0	750239	0
1254333	0	1249616	0	1254334	0
1229360	0	1229361	0	2617166	0	2670336	0
2340890	0	2340891	0	2537709	0
2340891	0	1349541	0
2838405	0	2450605	0
2623935	0	2345850	0	1019429	0
2196564	0	2196565	0	1047133	0	2327900	0
2724433	0	2607161	0
724653	0	724654	0	724702	0	724849	0
2196565	0	2193697	0
724657	0	724656	0	724658	0
2743152	0	1212270	0
724656	0	724655	0	724657	0
724655	0	724654	0	724656	0
724654	0	724653	0	724655	0
2188948	0	521306	0
2511341	0	2511342	0
2511340	0	2511341	0
2511342	0	2511343	0
2393775	0	2228183	0
2511338	0	2511339	0
2850580	0	2340157	0	776502	0	2896019	0	2860486	0
2511339	0	2511340	0
2549929	0	2549930	0
1037522	0	1037523	0
1037523	0	1037524	0
2465337	0	2458975	0	956646	0
1037524	0	1037525	0
1037525	0	1183795	0	2919632	0
952554	0	952553	0	952555	0
2330604	0	1164315	0
952555	0	952554	0	952556	0
952552	0	687497	0	952553	0
1087385	0	775674	0
952553	0	952552	0	952554	0
2330603	0	2330604	0	1178347	0
1046463	0	999528	0
2920305	0	2640291	0	2920306	0
2920308	0	2920307	0	2822256	0
535434	0	535435	0
2920306	0	2920305	0	2920307	0
535435	0	535434	0	535436	0
2920307	0	2920306	0	2920308	0
2475108	0	2475109	0
2327899	0	2327900	0
2475107	0	2475108	0	2498482	0	2622393	0
2863828	0	2863827	0	2640291	0
2554091	0	1268509	0	2655617	0
2863827	0	2863826	0	2863828	0
2554090	0	2475109	0
2863826	0	2822256	0	2863827	0
1172125	0	2796410	0
1172124	0	1172125	0	2488638	0	2805919	0
1080787	0	1080788	0	1086682	0
2590112	0	2590113	0
2590113	0	2475109	0
2586083	0	2322382	0
1046462	0	1046463	0
535440	0	535439	0	535441	0
535441	0	535440	0	535442	0
535442	0	535441	0	535443	0
535443	0	535442	0	535444	0
2554089	0	2554090	0
535444	0	535443	0	535445	0
535445	0	535444	0	535446	0	724803	0
1350639	0	1350640	0
535446	0	535445	0	724802	0	838922	0	616889	0
1350638	0	1350639	0
2769758	0	3040554	0
535436	0	535435	0	535437	0	535403	0
1141854	0	1141855	0	2843313	0
535437	0	535436	0	535438	0
1141855	0	1141854	0	1141856	0
535438	0	535437	0	535439	0
535439	0	535438	0	535440	0
1141856	0	1141855	0	2344889	0
1373764	0	1373763	0	1373765	0
1373763	0	1373762	0	1373764	0
1373762	0	1373761	0	1373763	0
1373761	0	1373760	0	1373762	0
1373760	0	1373759	0	1373761	0
2195673	0	2195680	0	2489708	0
2324366	0	959441	0
2242387	0	2242386	0	1036869	0
1161483	0	965380	0
1373769	0	1373768	0	1373770	0
2418576	0	2418577	0
1350640	0	759407	0
1373768	0	1373767	0	1373769	0
2418577	0	2426779	0
1161482	0	1161483	0	1086682	0
1373767	0	1373766	0	1373768	0
2242386	0	2242387	0	2248335	0	1036868	0	2274787	0
1373766	0	1373765	0	1373767	0
1373765	0	1373764	0	1373766	0
535403	0	535402	0	535423	0
2324365	0	2324366	0
2592315	0	1183693	0	2738047	0
2195680	0	759407	0	2319778	0
1080788	0	1345633	0
535423	0	535403	0	535424	0
2860341	0	885284	0	2860342	0
535424	0	535423	0	724755	0	724865	0
2860342	0	2860341	0	1126043	0
1373759	0	1373758	0	1373760	0
1373758	0	1373757	0	1373759	0
1373757	0	1348287	0	1373758	0
2549961	0	607189	0	2683690	0
2180195	0	2180196	0	1232926	0
2896745	0	1076322	0	535485	0
2180196	0	1045444	0	2554669	0	1232927	0
975212	0	535485	0	1004084	0
542206	0	542207	0
820837	0	820838	0
2857586	0	1186985	0	2857587	0
542205	0	542206	0
820838	0	820839	0
542208	0	542201	0
820835	0	820836	0
542207	0	542208	0
820836	0	820837	0
2560210	0	2763575	0
542202	0	1147641	0
542201	0	542202	0
1028677	0	1028678	0
2857589	0	2857588	0	2857590	0
542204	0	542205	0
1028678	0	1028679	0
2832286	0	1217895	0
2857588	0	2857587	0	2857589	0
542203	0	542204	0	645038	0	1025265	0
1028679	0	2192710	0	2248322	0	2302801	0
2857587	0	2857586	0	2857588	0
966327	0	966328	0	2515356	0
2459979	0	644415	0
2459978	0	2459979	0	2754809	0	2618669	0
820839	0	820840	0
820840	0	599962	0
1272619	0	2461417	0
1272618	0	1272619	0
1154203	0	2372494	0	1272133	0
1154202	0	1154203	0
2560209	0	2560210	0
2712954	0	2639167	0
2857591	0	2857590	0	2372494	0
2857590	0	2857589	0	2857591	0
1064305	0	1134031	0
2274435	0	2274434	0	2274436	0
1064304	0	1064305	0	1223795	0	2724433	0
2274434	0	2274433	0	2274435	0
2274437	0	2274436	0	2274766	0	2274784	0	1036868	0
2674571	0	1096161	0	2449215	0
2805919	0	2371800	0
2192158	0	2182256	0
2274436	0	2274435	0	2274437	0
966328	0	713249	0
2595794	0	1164315	0
2388326	0	1075755	0
2274431	0	2274430	0	2274432	0
511924	0	2496107	0	1241659	0
2274430	0	2274431	0	2305548	0	2305550	0	1036868	0
2274433	0	2274432	0	2274434	0
511923	0	511924	0	2721900	0
2274432	0	2274431	0	2274433	0
1373687	0	552158	0	1373688	0
1131113	0	1123594	0	2759371	0
2319778	0	1075931	0	2195680	0
2319777	0	2319778	0
692654	0	692655	0
692655	0	515012	0	2683134	0
1373689	0	1373688	0	1373690	0
2848604	0	2549868	0	1202603	0
1373688	0	1373687	0	1373689	0
2472934	0	2472935	0
2196959	0	1064305	0	2343504	0	1147478	0
2794700	0	2858598	0	2871368	0	2925901	0
820804	0	820803	0	820805	0
1134633	0	1060185	0
820805	0	820804	0	820806	0
1134632	0	1134633	0	1060184	0
820802	0	599946	0	820803	0	1365080	0	599907	0
820803	0	820802	0	820804	0
530693	0	528680	0
1119419	0	1119420	0
530691	0	530692	0	606679	0	1254223	0	1254624	0
530692	0	530693	0
2740175	0	2740176	0
820806	0	820805	0	599907	0	1376884	0	2344463	0
2193469	0	2178202	0
820807	0	599905	0
1119418	0	1119419	0
2398146	0	2448973	0	2575584	0
2847740	0	2847739	0	885285	0
885312	0	885313	0
885311	0	885312	0
2560254	0	1177983	0
724671	0	724670	0	724672	0
2319756	0	2319757	0
2560253	0	2560254	0
724670	0	724669	0	724671	0
2319755	0	2319756	0
2560252	0	2560253	0
2643406	0	2315673	0	2695952	0
2319754	0	2319755	0
2560251	0	2560252	0
2319753	0	2319754	0
2560250	0	2560251	0
724675	0	724674	0	724676	0
724674	0	724673	0	724675	0	724716	0
724673	0	724672	0	724674	0
521304	0	521305	0
724672	0	724671	0	724673	0
2369618	0	2368675	0	2525915	0
521305	0	521306	0	1147478	0
724679	0	724678	0	724680	0
521306	0	521307	0	2196959	0
724678	0	724677	0	724679	0
2675475	0	2471302	0
521307	0	701617	0
724677	0	724676	0	724678	0
2195615	0	2195616	0
2913298	0	2671307	0	2913299	0
724676	0	724675	0	724677	0
2913299	0	2913298	0	2913300	0
2675472	0	2675473	0
2695081	0	2695082	0
2903882	0	2590037	0	2903883	0
2695080	0	2695081	0
2903883	0	2903882	0	2220672	0
2675474	0	2675475	0
2695083	0	687438	0
724669	0	724668	0	724670	0
2675473	0	2675474	0
2695082	0	2695083	0
2570460	0	1036017	0
1190752	0	606676	0
885307	0	885306	0	641612	0
885306	0	885305	0	885307	0
2319758	0	2439851	0	1091331	0
1087452	0	528207	0	2547440	0
2319757	0	2319758	0
885303	0	641614	0	885304	0
885305	0	885285	0	885306	0
885304	0	885303	0	665565	0	1358283	0
645013	0	645012	0	645014	0
645012	0	645011	0	645013	0
2909182	0	2586826	0	1162854	0
645011	0	645012	0	2308084	0
885301	0	885293	0	641597	0
885300	0	885299	0	885296	0
2339354	0	2339355	0
645017	0	645016	0	645018	0
724660	0	724659	0	724661	0
2339355	0	2339356	0
645016	0	645015	0	645017	0
2339356	0	2789782	0
645015	0	645014	0	645016	0
1373692	0	1373691	0	1253979	0
645014	0	645013	0	645015	0
1373691	0	1373690	0	1373692	0
724664	0	610179	0	724665	0
724663	0	724662	0	838874	0	724703	0
1076320	0	1076321	0
724662	0	724661	0	724663	0
839000	0	838999	0	839001	0
724661	0	724660	0	724662	0
839001	0	839000	0	839002	0
724668	0	724667	0	724669	0
839002	0	839001	0	839003	0
724667	0	724666	0	724668	0
839003	0	839002	0	839004	0
724666	0	724665	0	724667	0
839004	0	839003	0	838923	0
1076321	0	1076320	0	1076322	0
724665	0	724664	0	724666	0
1076322	0	1076321	0	1358854	0	2896745	0
2195616	0	2195673	0	1234821	0
724659	0	724658	0	724660	0
724658	0	724657	0	724659	0
1373690	0	1373689	0	1373691	0
883599	0	724691	0	883600	0
1566448	0	1566447	0	1566449	0
1566449	0	1566448	0	616890	0
724693	0	724692	0	724694	0
1348287	0	1088815	0	1368059	0	1373757	0	1064529	0
724692	0	724693	0	724864	0	724902	0
724691	0	724690	0	724725	0	883599	0
724690	0	724689	0	724691	0
1566447	0	838919	0	1566448	0
724697	0	724696	0	724698	0
2368309	0	2481323	0
724696	0	724695	0	724697	0
724695	0	724694	0	724696	0
724694	0	724693	0	724695	0
2653230	0	2373377	0
2586826	0	2489708	0	2909182	0
724699	0	724698	0	724700	0
724698	0	724697	0	724699	0
2469720	0	2469721	0	1087728	0
1172066	0	2185366	0
2809052	0	2809053	0
1172065	0	1172066	0	2609307	0
2809053	0	2809054	0
645019	0	645018	0	692654	0	2274978	0	2308084	0
2902534	0	2902533	0	2664398	0
645018	0	645017	0	645019	0
2902533	0	2902532	0	2902534	0
885325	0	885326	0
2902532	0	2902531	0	2902533	0
885324	0	885316	0
978332	0	2451840	0
2902531	0	2902530	0	2902532	0
2902530	0	2902529	0	2902531	0
885326	0	885320	0
885321	0	885322	0
885320	0	885321	0	1355671	0
885323	0	885324	0
885322	0	885323	0
724682	0	724681	0	724683	0
645039	0	890344	0
542213	0	1057000	0
2902529	0	2902528	0	2902530	0
645038	0	645039	0
724681	0	724680	0	724682	0
2902528	0	1210517	0	2902529	0
724680	0	724679	0	724681	0
2809054	0	2749478	0
724686	0	724685	0	724687	0
2465372	0	639973	0	2678254	0
1186234	0	3041196	0
724685	0	724684	0	724686	0
2440096	0	1217341	0
724684	0	724683	0	724685	0
724683	0	724682	0	724684	0
2695079	0	2695080	0
724689	0	724688	0	724690	0
2581148	0	1046462	0
724688	0	724687	0	724689	0
724687	0	724686	0	724688	0
1362105	0	1362104	0	1362106	0
2845124	0	2845123	0	2845125	0
2327362	0	2855983	0	2863478	0
1362106	0	1362105	0	1362107	0
2327361	0	2327362	0
2845125	0	2845124	0	2845126	0
1362107	0	1362106	0	1362108	0
2845126	0	2845125	0	2671307	0
1362108	0	1362107	0	1362109	0
1362109	0	1362108	0	552157	0
2375082	0	968692	0	2469016	0
2845122	0	2686858	0	2845123	0
2633635	0	1226098	0
2845123	0	2845122	0	2845124	0
885317	0	885311	0
885314	0	885315	0
885313	0	885314	0
885316	0	885317	0
885315	0	885284	0
1362104	0	750213	0	1362105	0
1349158	0	1134632	0	2375152	0
1349156	0	1349158	0
1349155	0	1349156	0
1349154	0	1349155	0
973934	0	1566079	0	1568964	0
973933	0	973934	0
1349153	0	1349154	0
2345209	0	2345210	0	2672325	0
1375446	0	963508	0	758968	0
2192546	0	2228183	0
2192545	0	2192546	0
2437300	0	2335360	0
2545909	0	1238903	0	2565650	0	1161848	0
2667408	0	1141856	0
599962	0	599935	0
2550007	0	1126043	0	2907327	0
2857518	0	1208317	0	1162006	0
2322546	0	2322547	0
2322545	0	2322546	0	1232926	0
2437329	0	2437330	0
2843313	0	2843312	0	1141854	0
2437325	0	2437326	0
2437326	0	2437327	0
2437327	0	2437328	0
2437328	0	2437329	0
1086984	0	1057000	0
1087835	0	1087836	0
2716487	0	2716488	0
2843312	0	2843313	0
1087836	0	2458733	0
2716489	0	2716490	0
2891885	0	2891884	0	2891886	0
2716488	0	2716489	0
2891884	0	965951	0	2891885	0
2891886	0	2891885	0	2339293	0
2549470	0	528687	0
1086980	0	1086981	0
1156495	0	2350346	0	2778150	0
2624341	0	1087836	0
1086981	0	1086982	0
1156494	0	1156495	0
1268163	0	1139991	0
1086982	0	1086983	0
1086983	0	1086984	0
2590975	0	2542158	0
1181426	0	978332	0
2331490	0	2331491	0
2867338	0	2867337	0	551807	0
2331491	0	2331492	0
2867337	0	2867336	0	2867338	0
2331492	0	1159355	0
2437330	0	1087337	0
2867336	0	1114635	0	2867337	0
2680869	0	2875686	0	2888755	0	2925610	0
1253900	0	1253899	0	1154147	0
2716490	0	2588859	0
2461417	0	2574128	0	2751883	0
2664398	0	2664399	0	2902534	0	2916685	0	1210516	0
2664399	0	2664400	0
1565978	0	998964	0	1565979	0
599939	0	599943	0
515023	0	692854	0
2462707	0	2462708	0
2462708	0	1114532	0	1194833	0
599937	0	599938	0
599938	0	599939	0
599935	0	599936	0
515020	0	515021	0
599936	0	599937	0
1563319	0	959442	0	1007224	0
2563363	0	2563364	0
2847739	0	2847738	0	2847740	0
2874046	0	713252	0	2874047	0
515021	0	515022	0	687542	0	1254453	0
599933	0	599932	0	599934	0
1114633	0	1114634	0
515022	0	515014	0	1106282	0
599934	0	599933	0	599946	0	1365079	0	599907	0
599931	0	599908	0	599932	0
1565979	0	1565978	0	1565980	0
1114635	0	2375082	0	2867336	0	2324931	0
599932	0	599931	0	599933	0
1114634	0	1114635	0
2847738	0	2847737	0	2847739	0
2847737	0	1036017	0	2847738	0
569296	0	569297	0	775687	0	1055719	0
2563360	0	2563361	0
839094	0	838910	0
2563362	0	2563363	0
2874047	0	2874046	0	2874048	0
2563361	0	2563362	0
2874048	0	2874047	0	1271412	0
1253979	0	1253980	0	552159	0	1373692	0
569297	0	569296	0	569298	0
569298	0	569297	0	775686	0	1565961	0	2225491	0
515016	0	515017	0
515017	0	515023	0	1022353	0
515018	0	515019	0
515019	0	515020	0	952776	0	1251388	0
1131148	0	1131149	0	2471302	0
515012	0	515013	0	1025265	0
1565982	0	1565981	0	1565963	0
515013	0	515016	0	2590035	0
515014	0	515015	0	1037748	0
2648703	0	1226098	0	2340681	0
515015	0	883567	0	1158586	0
1131149	0	1131150	0
2563359	0	2563360	0	2788944	0
1253960	0	1253961	0
2531788	0	2495543	0	2518902	0	2919632	0
1565980	0	1565979	0	1565981	0
1565981	0	1565980	0	1565982	0
1217896	0	1088538	0
1217895	0	1217896	0	2709624	0
1131152	0	1162867	0
607190	0	1346985	0	1349720	0	1563727	0
2225492	0	998964	0
2225491	0	2225492	0
607194	0	607193	0	607195	0
607193	0	607192	0	607194	0
607192	0	607191	0	607193	0
607191	0	607192	0	724724	0	724860	0
607198	0	607197	0	607199	0
607197	0	607196	0	607198	0
607196	0	607195	0	607197	0
607195	0	607194	0	607196	0
2659859	0	1212824	0
607199	0	607198	0	607189	0
1131150	0	1131151	0
1131151	0	1131152	0
2178202	0	2178203	0	2549610	0
2645698	0	2645699	0
2178203	0	1054728	0
2645699	0	2645700	0
2456037	0	2328072	0	2660687	0
2456036	0	2456037	0
599946	0	820802	0	599934	0
599945	0	599946	0
599943	0	820807	0
1249452	0	1248746	0	1249453	0
607189	0	607190	0	607199	0
1249454	0	1249453	0	1086623	0
1249453	0	1249452	0	1249454	0
2530436	0	2706589	0
2530435	0	2530436	0
2645696	0	2645697	0
2645697	0	2645698	0
2645694	0	2645695	0
2645695	0	2645696	0
1111044	0	1111045	0
2358483	0	973887	0
1111045	0	1111046	0
2358482	0	2358483	0
1111046	0	1111047	0
1111047	0	1111048	0
1111048	0	1111049	0
1147480	0	1147481	0
2335360	0	2335361	0
2335361	0	2494074	0
1147481	0	521305	0
1036982	0	1036983	0	2196814	0
2337548	0	559293	0	2517741	0
2363835	0	2363836	0	2649404	0
1111043	0	1111044	0	1350236	0	1350316	0
1253539	0	1253538	0	1253540	0
1253537	0	1253538	0	1253549	0	1254193	0
1253538	0	1253537	0	1253539	0
535365	0	535366	0	535470	0
535366	0	535367	0
535367	0	535368	0
535368	0	535369	0
535369	0	535385	0	724859	0
963500	0	963501	0
2671742	0	2554091	0
1207623	0	2592874	0	2571534	0
1207622	0	1207623	0	1134030	0	2514635	0
2192710	0	2274779	0	2307258	0
1147479	0	1147480	0	2588970	0
1147478	0	2376614	0	2196959	0	2497091	0
1045444	0	1028840	0
1045443	0	1045444	0	1122753	0	2443419	0
1564500	0	1564501	0
1564504	0	1564505	0
1564503	0	1564504	0
1564502	0	1564503	0
1564501	0	1564502	0
1114532	0	968213	0	2462708	0	2902732	0
1564508	0	1564509	0
1564507	0	1564508	0
2496107	0	1177982	0
1564506	0	1564507	0
1564505	0	1564506	0
2635682	0	1221759	0
1564509	0	1564510	0
2246630	0	2246629	0	1026358	0
551810	0	551809	0	750237	0
1253991	0	1253990	0	977959	0
551811	0	551807	0	528676	0	1254528	0
1253990	0	1253989	0	1253991	0
2851387	0	2522403	0	2345537	0
2592874	0	2514635	0	2793553	0
2607161	0	1207622	0
1564511	0	1564512	0
1564510	0	1564511	0
551809	0	551808	0	551810	0
616891	0	616890	0	616892	0
616890	0	616889	0	616891	0	1566449	0
1564514	0	1564735	0
616893	0	616889	0	724706	0	1000478	0	724802	0	1568965	0
1564513	0	1564514	0
616892	0	616891	0	848056	0	958077	0
1564512	0	1564513	0
1253984	0	1253983	0	1253985	0
2440576	0	2664261	0	2459979	0
1253985	0	1253984	0	1253986	0
1253982	0	1253981	0	1253983	0
1253983	0	1253982	0	1253984	0
2440575	0	2440576	0
2856609	0	2544064	0	2881745	0
1253980	0	1253979	0	1253981	0
1253981	0	1253980	0	1253982	0
551807	0	551786	0	551811	0	2867338	0
1253988	0	1253987	0	1253989	0
551808	0	551809	0	750245	0
1253989	0	1253988	0	1253990	0
1253986	0	1253985	0	1253987	0
1253987	0	1253986	0	1253988	0
535395	0	535394	0	535396	0
535396	0	535395	0
2647205	0	2684643	0	2740175	0
2910222	0	2910221	0	2910223	0
2910223	0	2910222	0	2910224	0
2910224	0	2910223	0	2910225	0
535390	0	535389	0	535391	0
2517190	0	1053302	0	2541491	0
2910225	0	2910224	0	2910226	0
535391	0	535390	0	535392	0
535392	0	535391	0	535393	0
1117628	0	1117629	0	1245567	0
535393	0	535392	0	535394	0
535394	0	535393	0	535395	0
616889	0	616890	0	616893	0	535446	0	1569012	0
2910221	0	1000480	0	2910222	0
1234819	0	1234820	0
2910226	0	2910225	0	2910227	0
2612502	0	2187651	0
2910227	0	2910226	0	2910228	0
2910228	0	2910227	0	2910229	0
2437342	0	2489086	0	2480355	0
2910229	0	2910228	0
2647204	0	2647205	0
2399812	0	2674571	0	1183694	0
2811717	0	2811718	0
2671307	0	2845126	0	2913298	0	2925901	0
2811718	0	1116574	0
2399811	0	2399812	0	1117628	0
2542158	0	1208337	0
1251389	0	1251388	0
1251388	0	515019	0	1251389	0
2335797	0	2370065	0	2842540	0
2335796	0	2335797	0	2555996	0
2684644	0	2684645	0
2684645	0	2643577	0
1234820	0	1234821	0
1234821	0	2319778	0	2712954	0	2195616	0
2684643	0	2684644	0
2498721	0	966647	0
535370	0	535371	0	724774	0
535371	0	535370	0	535372	0
535372	0	535371	0	724804	0	1349075	0
963506	0	963507	0
963505	0	963506	0
2609307	0	2609308	0
963508	0	758963	0	1369872	0	1375446	0	1210528	0
963502	0	963503	0
963501	0	963502	0
963504	0	963505	0
963503	0	963504	0
2551089	0	2510731	0
2649404	0	1239903	0
2660687	0	2560816	0
2798668	0	1173673	0
2798667	0	2798668	0
535385	0	535369	0	535386	0
535386	0	535385	0	535387	0
535387	0	535386	0	535388	0
1158586	0	2183006	0
535388	0	535387	0	535389	0
535389	0	535388	0	535390	0
1052152	0	1052153	0
2638760	0	2363835	0	2816965	0
1052153	0	1052152	0	2184611	0
1253542	0	1253541	0	569423	0
1253540	0	1253539	0	1253541	0
1253541	0	1253540	0	1253542	0
1158585	0	1158586	0
2485408	0	639973	0
1253549	0	528680	0	1253537	0
2685952	0	2469720	0
999528	0	999529	0	717355	0
1023267	0	1048770	0
999529	0	1207396	0	2370065	0
999527	0	999528	0	2629177	0
724752	0	724751	0	724753	0
2305549	0	1026358	0	2305550	0
724751	0	724750	0	724752	0
724750	0	724749	0	724751	0
724756	0	724755	0	724757	0
2305545	0	2232844	0	2305546	0
2650892	0	2554712	0
724755	0	724756	0	535424	0
2305546	0	2305545	0	2305547	0
724754	0	724753	0	610179	0
2305547	0	2305546	0	2305548	0
724753	0	724752	0	724754	0
2305548	0	2305547	0	2274430	0
724749	0	724748	0	724750	0
724748	0	724749	0	724865	0
701628	0	521304	0
2686858	0	2845122	0	2858602	0	2925901	0
2590270	0	2489086	0
701626	0	701627	0
701627	0	701628	0
2221751	0	1139428	0
2778150	0	2571533	0
701624	0	820835	0	1059429	0
701625	0	701626	0
2221756	0	1139428	0	2224528	0
2219421	0	569298	0
2219420	0	2219421	0
2782643	0	2219416	0
2782641	0	2782642	0
2782642	0	2782643	0
2547886	0	1191044	0
639979	0	639980	0
848101	0	845969	0
2871368	0	2871367	0	2794700	0
639978	0	639979	0
2871367	0	2871366	0	2871368	0
639977	0	639978	0
639976	0	639977	0
639975	0	639976	0	1349514	0
1254453	0	1254452	0	515021	0
2871364	0	1236724	0	2871365	0
639974	0	639981	0
639973	0	639974	0
2871366	0	2871365	0	2871367	0
639972	0	724903	0	883566	0
1254452	0	1254453	0
2871365	0	2871364	0	2871366	0
639971	0	639972	0
639970	0	612821	0	883560	0	2850290	0
724770	0	724769	0	724771	0
2548709	0	2548710	0
2548708	0	2548709	0	2572463	0
724774	0	724773	0	535370	0
1243781	0	1243782	0	2525915	0	2891907	0
724773	0	724772	0	724774	0
1243782	0	1243781	0	2481320	0
724772	0	724771	0	724773	0
2196689	0	1018131	0	2513121	0
724771	0	724770	0	724772	0
639989	0	639973	0
1065008	0	2196495	0
639988	0	639989	0
724769	0	724768	0	724770	0
1065007	0	1065008	0	2521856	0
639987	0	639988	0
724768	0	724767	0	724769	0
639986	0	639987	0
639985	0	639986	0
639984	0	639985	0
2491731	0	2475486	0	2886351	0	2890244	0	1275057	0
639983	0	639984	0	1037748	0
639982	0	713243	0
639981	0	639982	0
639980	0	639971	0
1348887	0	1348888	0	2475486	0
2571533	0	2571534	0
2571534	0	2793553	0
758999	0	758998	0	759000	0
758998	0	758997	0	758999	0
758997	0	758953	0	758998	0
758996	0	758968	0
758995	0	758994	0	920436	0	758963	0	1375221	0
758994	0	758993	0	758995	0
758993	0	758994	0
724763	0	724762	0	724764	0
758991	0	1053303	0
724762	0	724761	0	724763	0
724761	0	724760	0	724762	0
724760	0	724759	0	724761	0
724767	0	724766	0	724768	0
1564919	0	1565009	0
724766	0	724765	0	724767	0
1564918	0	1564919	0
724765	0	724764	0	724766	0
724764	0	724763	0	724765	0
2548710	0	2193469	0
724759	0	724758	0	724760	0
1057000	0	2428299	0	2488707	0
724758	0	724757	0	724759	0
724757	0	724756	0	724758	0
1256610	0	2311906	0	2633635	0	2794700	0
2305550	0	2305549	0	2274430	0
2560816	0	2385155	0	2378469	0
2443205	0	559294	0	1054727	0
2669049	0	2571533	0	2678235	0
758963	0	758962	0	758967	0	920437	0	963508	0	758995	0
758962	0	758961	0	758963	0
758961	0	758960	0	758962	0
758960	0	758961	0	759009	0	1369872	0
1364908	0	1364907	0	1364909	0
1364907	0	1364906	0	1364908	0
2789771	0	2630884	0
1364909	0	1364908	0	965381	0
724712	0	724711	0	724713	0
2395861	0	2395862	0
2453439	0	2453440	0	1112478	0
724711	0	724710	0	724712	0
724710	0	535486	0	724711	0
3041196	0	1206013	0
606681	0	606678	0	606676	0
724705	0	724704	0	724706	0
606680	0	606672	0	606482	0	967123	0
724704	0	724703	0	724705	0
724703	0	724704	0	1565648	0	724663	0
2549610	0	2330603	0
724702	0	724701	0	724653	0
606682	0	606674	0	1350430	0	1350795	0
724706	0	724705	0	616893	0
2511486	0	885316	0
2511485	0	2511486	0
2789782	0	2789783	0
724701	0	724700	0	724702	0
1139428	0	1139429	0
724700	0	724699	0	724701	0
2390162	0	2322545	0	2375151	0
1139429	0	2440809	0
2789783	0	2855980	0	2863479	0
2547442	0	957542	0
606674	0	606675	0
966649	0	1350638	0
2547440	0	2547441	0
606673	0	606672	0	606679	0
2547441	0	2547442	0
606672	0	606673	0	606680	0
966647	0	966648	0	2505228	0
1364906	0	1351746	0	1364907	0
966648	0	966649	0
2325124	0	2325125	0
606678	0	606675	0	606681	0
606677	0	606676	0	606481	0	1146786	0
606676	0	606677	0	606681	0	1154202	0
2246628	0	2240943	0	2246629	0
606675	0	606674	0	606678	0	2447842	0
2246629	0	2246628	0	2246630	0
758968	0	758967	0	758996	0	1375446	0
606679	0	606673	0	530691	0
758967	0	758963	0	758968	0
1022353	0	515017	0	1157071	0
1368058	0	1368057	0	1368059	0
1368057	0	1368056	0	1368058	0
1368056	0	965381	0	1368057	0
1091330	0	1091331	0	1563988	0	717355	0
1091331	0	2399811	0	2319758	0
724727	0	724726	0	724728	0
2610702	0	1161947	0	2657332	0
724726	0	724725	0	724727	0
724725	0	724691	0	724726	0
724724	0	607191	0
724728	0	724727	0
1368059	0	1368058	0	1348287	0
758953	0	758952	0	758997	0	920435	0	920437	0
758952	0	758951	0	758953	0
758951	0	758952	0	920436	0	1063314	0	1384657	0
920435	0	920434	0	758953	0
920434	0	920433	0	920435	0
920433	0	920432	0	920434	0
2453440	0	2453441	0
920432	0	665566	0	920433	0
2453441	0	1253537	0
701622	0	701623	0
2805414	0	2805415	0
701623	0	701624	0
2805415	0	2805416	0
701620	0	701621	0
2805416	0	2805417	0
701621	0	701622	0
2805417	0	1174848	0
2805411	0	2805412	0
2805412	0	2805413	0
2805413	0	2805414	0
701619	0	701620	0
724716	0	724715	0	724674	0
2630883	0	2630884	0
724715	0	724714	0	724716	0
2630884	0	2632898	0
701617	0	701618	0
724714	0	724713	0	724715	0
2488993	0	2456037	0
701618	0	701619	0
724713	0	724712	0	724714	0
2439153	0	2375360	0
2340274	0	644416	0
1566347	0	1087343	0	1566348	0
2523390	0	2523391	0
1566348	0	1566347	0	838994	0
2523391	0	2523392	0
2523392	0	2446401	0
2344639	0	2809052	0
2344638	0	2344639	0
2344637	0	2344638	0	2327361	0	2719764	0
1223795	0	1134030	0
2458769	0	2441904	0	1183694	0
2803606	0	2803607	0
848056	0	616892	0	845968	0
2803607	0	1072915	0
920437	0	758953	0	758963	0
920436	0	758995	0	758951	0
2311710	0	641577	0	2662486	0
1565011	0	1564552	0
1565010	0	1565011	0
2662486	0	1015210	0	2311710	0
1152383	0	1145434	0
1373773	0	1373772	0	1351746	0
1373772	0	1373771	0	1373773	0
1373771	0	1373770	0	1373772	0
1373770	0	1373769	0	1373771	0
1096235	0	1096236	0	2195615	0
1096236	0	2627317	0	2590975	0
2907914	0	2907913	0	2232791	0
2907913	0	2488852	0	2907914	0
1271413	0	1271412	0	1271414	0
1271412	0	1271413	0	2874048	0
1271414	0	1271413	0	2522755	0
1026358	0	1036868	0	2246630	0	2305549	0
1026357	0	1026358	0	2244782	0	2245462	0
2448980	0	2448981	0
2448983	0	2448984	0
2448984	0	2448985	0
2448981	0	2448982	0
2448982	0	2448983	0
2195754	0	2185269	0	2457904	0
2195753	0	2195754	0	528198	0
1245567	0	1239495	0
2195758	0	2195753	0
2227110	0	968186	0
2274787	0	2274786	0	2242386	0
2745739	0	2745740	0
2274786	0	2274785	0	2274787	0
2745738	0	2745739	0
2745737	0	2745738	0
2745736	0	2745737	0
2745735	0	2745736	0
2745734	0	2745735	0
2448987	0	2485408	0
2513121	0	2513122	0
713249	0	713250	0
2448985	0	2448986	0
2448986	0	2448987	0
713243	0	528208	0
2513124	0	1059432	0
2274785	0	2274784	0	2274786	0
2513122	0	2513123	0
2274784	0	2274437	0	2274785	0
2513123	0	2513124	0
2371800	0	2371801	0
2371801	0	2544178	0	2667534	0
2391875	0	1140164	0	2671742	0
2391874	0	2391875	0	1268509	0
2448973	0	2448974	0
2745742	0	2745743	0
2745741	0	2745742	0
2745740	0	2745741	0
1201552	0	1153998	0	1194833	0
1350212	0	1349447	0	1344252	0
2227108	0	968186	0	2227756	0	1184698	0
2274776	0	2274775	0	2274777	0
2523389	0	2523390	0	2546741	0
2227109	0	2227110	0
2274775	0	2274774	0	2274776	0
2274778	0	2274777	0	2274779	0
2274777	0	2274776	0	2274778	0
2274779	0	2274778	0	2192710	0
2745745	0	639969	0
2745744	0	2745745	0
2745743	0	2745744	0
2448976	0	2448977	0
2448977	0	2448978	0
2274770	0	2274769	0	2274771	0
2448974	0	2448975	0
2448975	0	2448976	0
2274772	0	2274771	0	2274773	0
1123869	0	1123870	0
2274771	0	2274770	0	2274772	0
1123868	0	1123869	0	1121211	0
2274774	0	2274773	0	2274775	0
2448978	0	2448979	0
2274773	0	2274772	0	2274774	0
2448979	0	2448980	0
1568964	0	973934	0	1568965	0
2706589	0	2587637	0
1568965	0	1568964	0	616893	0
2584748	0	2584749	0
2584749	0	2584750	0
1087337	0	1087338	0
1087338	0	1087339	0
1087339	0	1087340	0
1174149	0	1174150	0	1174152	0
1174146	0	1174145	0	1194832	0
2497091	0	2497092	0	2633365	0	644415	0	1147478	0
2497092	0	521304	0
1174145	0	1174146	0	959442	0
2551423	0	1007224	0	2868546	0
2386079	0	1241701	0	1253961	0
759407	0	759405	0	1065749	0
1350237	0	1350238	0
1174150	0	1174151	0
1350236	0	1350237	0
1350239	0	1350240	0
2584751	0	2584752	0
1350238	0	1350239	0
2584752	0	2584753	0
2584750	0	2584751	0
1015211	0	641612	0
1015210	0	1015211	0	1015212	0
612821	0	639970	0	724894	0
2328594	0	2328595	0
2328596	0	2328597	0
2328595	0	2328596	0
1015212	0	641601	0	1015210	0
2328597	0	2327361	0	2805411	0
2593215	0	2460703	0	510802	0
1174151	0	2367133	0	2626577	0
1174152	0	1174153	0
612818	0	883608	0
1350240	0	1153407	0
2227155	0	2222892	0	2390162	0
1112710	0	1112711	0	1351637	0
1112711	0	2511338	0	2315556	0
2340219	0	1047135	0
2594570	0	2373361	0
2454380	0	2391874	0
759404	0	559295	0	1004349	0
759405	0	759406	0	2194642	0
2333925	0	971690	0	2828085	0
2319619	0	2437567	0	2595246	0
759406	0	759404	0
2340681	0	2340682	0	2371800	0
2340682	0	2340683	0
965381	0	1064529	0	1364909	0	1368056	0
1158901	0	1350640	0
965380	0	965381	0	1074633	0
1158900	0	1158901	0	1350638	0	2393755	0
1565009	0	1565010	0
1053920	0	1053921	0	2219385	0
2340683	0	2458933	0
2587809	0	2489086	0	2609534	0	2480355	0
2744851	0	2643577	0
2744850	0	2744851	0
2458733	0	2458734	0	2580073	0	2373033	0
2458734	0	971466	0
1352434	0	1112710	0
2378469	0	1225199	0	2610702	0
1087340	0	1087341	0
1087341	0	1087342	0
1087342	0	1087343	0
1087343	0	1565963	0	1566347	0
2240943	0	1036868	0	2245462	0	2246628	0	2255846	0
750243	0	750242	0	750244	0
750242	0	750241	0	750243	0
2664261	0	2618669	0
750241	0	750240	0	750242	0
750240	0	750239	0	750241	0
1350264	0	1353988	0	1060186	0
1350263	0	1350264	0
1347091	0	1345631	0	2485216	0
2640291	0	2640292	0	2863828	0	2920305	0
750239	0	750240	0	751119	0	1254334	0
750238	0	750237	0	528678	0	1252003	0
750237	0	551810	0	750238	0
2375304	0	2375305	0
2375305	0	2462040	0
2913302	0	2913301	0	1236724	0
1376884	0	820806	0	1376885	0
1376885	0	1376884	0	1361009	0
2913300	0	2913299	0	2913301	0
2913301	0	2913300	0	2913302	0
528677	0	528676	0	528678	0
528676	0	528677	0	528696	0	551811	0	750267	0
2573269	0	2573263	0
2573268	0	2573269	0
2657966	0	2657967	0	2846100	0	2873777	0	1096160	0
2573267	0	2573268	0
2573266	0	2573267	0
2573265	0	2573266	0
2657967	0	2623935	0
528679	0	528680	0	528694	0	1075048	0
2573264	0	2573265	0
528678	0	528677	0	528681	0	750238	0	750264	0
2573263	0	2573264	0
750245	0	750244	0	551808	0
750244	0	750243	0	750245	0
2515357	0	2375151	0
2515356	0	2515357	0
2391800	0	2391801	0	2683687	0
2861907	0	2861906	0	2861908	0
2861906	0	2861905	0	2861907	0
2861905	0	2861904	0	2861906	0
2861904	0	2861903	0	2861905	0
2861903	0	2861902	0	2861904	0
2861902	0	2861901	0	2861903	0
1353797	0	641592	0	1372846	0
2861901	0	2861900	0	2861902	0
2861900	0	2372494	0	2861901	0
2574128	0	2574129	0
750214	0	750213	0	552159	0
750213	0	750214	0	750229	0	1362104	0
2574129	0	521304	0	2618669	0
2861910	0	2861909	0	1275058	0
2345537	0	952782	0	2851387	0
1212270	0	1212271	0
2446397	0	2446398	0
1212272	0	2322679	0
2446399	0	2446400	0
1212271	0	1212272	0
2446398	0	2446399	0
2489086	0	2228270	0
1353320	0	1344251	0	2645694	0
967123	0	1126045	0	2800800	0
2437453	0	2437454	0
2437454	0	2437455	0
2227984	0	759405	0
2868546	0	2842541	0	1147681	0	2551423	0
1007224	0	569417	0	1563319	0	1147681	0
2861909	0	2861908	0	2861910	0
2437452	0	2437453	0	2527978	0	2912260	0
2469016	0	2430896	0	2471955	0
2861908	0	2861907	0	2861909	0
644415	0	701625	0	2497091	0	2459979	0
644416	0	644417	0	2340219	0
644413	0	644414	0	1072035	0
1127822	0	1127823	0	2659892	0
2350039	0	1047132	0
644414	0	644415	0
750229	0	750228	0	750213	0
750228	0	750227	0	750229	0
750227	0	551788	0	750228	0
644417	0	1131113	0	528206	0	1047134	0
1087729	0	2185365	0	2199501	0
2471302	0	2495571	0
713262	0	713263	0
713263	0	713264	0
2274767	0	2274766	0	2274768	0
713264	0	713253	0
2274766	0	2274437	0	2274767	0
1121210	0	1121211	0	2679471	0
2274769	0	2274768	0	2274770	0
1121211	0	1241700	0
2274768	0	2274767	0	2274769	0
1123870	0	2374253	0	2673393	0
2461503	0	2579612	0	2880442	0
2461502	0	2461503	0
713265	0	528193	0
1075756	0	966649	0
1075755	0	1075756	0
1055720	0	1055721	0
713250	0	713251	0
713251	0	713252	0
713252	0	1352242	0	2874046	0
713253	0	713249	0	2522755	0
2716311	0	1161482	0
2565650	0	2350361	0
1087728	0	1087729	0
2391802	0	2391803	0
2391804	0	2391805	0
2391803	0	2391804	0
1055719	0	1055720	0
2391805	0	2391806	0
2600459	0	2600460	0	2745734	0
528204	0	528202	0	1075931	0
528688	0	528684	0	1248320	0
528203	0	528198	0
528687	0	528686	0	528697	0	750267	0
528202	0	528203	0	2564405	0
528686	0	528685	0	528687	0
528685	0	528686	0	713840	0	750266	0
528201	0	713265	0	2522755	0
1120389	0	1120390	0	2888935	0	2921694	0	2925610	0
528208	0	528207	0
528207	0	528205	0	1087452	0
759000	0	758999	0	759001	0
759001	0	759000	0	759002	0
528206	0	644413	0	1346996	0
528205	0	528206	0
528689	0	528690	0	1253633	0
759002	0	759001	0	759003	0
528680	0	528679	0	717440	0	1253549	0
759003	0	759002	0	759004	0
759004	0	759003	0	759005	0
759005	0	759004	0	759006	0
759006	0	759005	0	759007	0
528200	0	528201	0
528684	0	528683	0	528688	0
759007	0	759006	0	759008	0	665565	0
528683	0	528682	0	528684	0
759008	0	759007	0	569425	0
528682	0	528681	0	528683	0
759009	0	757071	0	758960	0
528681	0	528682	0	528678	0	1252008	0
2425431	0	2425432	0
2425432	0	1159390	0
1154146	0	1154147	0	2600239	0
1154147	0	1251220	0	1253900	0
1120391	0	2630883	0	2798667	0
1120390	0	1120391	0
2223183	0	1053701	0
2302801	0	1028679	0
2339293	0	2339294	0	2891886	0	2908166	0
2339294	0	641600	0
528699	0	528698	0	528691	0
1063314	0	1113363	0	758951	0
2375360	0	2375361	0	2565322	0
2490039	0	2490040	0
2842373	0	606481	0	510801	0
528698	0	528697	0	528699	0
2307258	0	2192710	0
2490038	0	2490039	0
2375361	0	1075923	0
528697	0	528687	0	528698	0
1063312	0	1063313	0
2600460	0	883562	0
528696	0	528695	0	528676	0
961858	0	961859	0
1063313	0	1063314	0
1165266	0	1165267	0	515012	0
1207728	0	1152974	0
2490035	0	2490036	0
1165267	0	692654	0
2490034	0	2490035	0
2490037	0	2490038	0
2490036	0	2490037	0
2707861	0	1248771	0
528691	0	528692	0	528699	0	528689	0	1123784	0
2441905	0	2445967	0	1161947	0
2550142	0	2912261	0
528690	0	528689	0	528695	0
2441904	0	2441905	0	2331492	0
528695	0	528690	0	528696	0	1254525	0
961859	0	515022	0
1564551	0	1564552	0
528694	0	528693	0	528679	0
528693	0	528692	0	528694	0
528692	0	528691	0	528693	0
2385155	0	2345210	0	1225199	0
2796410	0	2789093	0
1563994	0	1563995	0
1563993	0	1563994	0
1563992	0	1563993	0
1563991	0	1563992	0
1563998	0	1563758	0
2508790	0	967787	0
1563997	0	1563998	0
1241660	0	1185116	0	2394215	0
1563996	0	1563997	0
2527073	0	2685952	0	2508829	0
1563995	0	1563996	0
2527074	0	2375361	0
2633365	0	2440740	0	2462996	0
2657332	0	2458769	0	2441905	0
1355670	0	1355669	0	1355671	0
2463323	0	2446397	0
1355671	0	1355670	0	885320	0
1036868	0	1036869	0	1026358	0	1065281	0	2240943	0	2242386	0	2274430	0	2274437	0
1036869	0	1036868	0	2242387	0	2286978	0	2695403	0
1563990	0	1563991	0
998964	0	998965	0	1564493	0	1565978	0
2219385	0	2189809	0
998966	0	998965	0	998967	0
998965	0	998964	0	998966	0
971465	0	971466	0
998968	0	998967	0	998969	0	2695414	0
998967	0	998966	0	998968	0
971466	0	2227155	0
998969	0	998968	0	998970	0
2751883	0	2618669	0
2875684	0	2875683	0	2875685	0
2875685	0	2875684	0	2875686	0
2508789	0	2508790	0
2875682	0	1236723	0	2875683	0
2875683	0	2875682	0	2875684	0
2437034	0	2437035	0
2437033	0	2437034	0
2437032	0	2437033	0
2678254	0	1106282	0	2465372	0
2437031	0	2437032	0
2437037	0	1218363	0
2437036	0	2437037	0
2875686	0	2875685	0	2680869	0
2437035	0	2437036	0
1044478	0	1044477	0
998971	0	998970	0	998972	0
1044477	0	1044476	0	1044478	0
2531588	0	687542	0	1128172	0
998970	0	998969	0	998971	0
1044476	0	1044475	0	1044477	0
998973	0	998972	0	2488852	0
1044475	0	1044474	0	1044476	0
2437030	0	2437031	0
998972	0	998971	0	998973	0
1044474	0	1044473	0	1044475	0
1044473	0	641578	0	1044474	0
2308084	0	890344	0	645011	0	645019	0
2401056	0	2401057	0	2817669	0
2401057	0	1352434	0
724811	0	724812	0
2185270	0	2221720	0	2624341	0
724810	0	724811	0
2430896	0	2340683	0
724804	0	724805	0
1225199	0	1087835	0
724803	0	724802	0	535487	0	1000480	0	535445	0
1253633	0	528689	0	1254223	0	2324930	0
724802	0	724803	0	535446	0	616893	0
2485573	0	2195758	0
724808	0	724809	0
724807	0	724808	0
724806	0	724807	0
724805	0	724806	0
2322382	0	1179637	0
724809	0	724810	0
971464	0	971465	0	2390162	0	966327	0
2625948	0	2517190	0
2496210	0	2496211	0
2496211	0	2496212	0
2496212	0	2496213	0
2886357	0	2886356	0	2886358	0
2886356	0	2886355	0	2886357	0
2886359	0	2886358	0	1186985	0
2886358	0	2886357	0	2886359	0
2510648	0	1018130	0
1241659	0	1241660	0	2527073	0
2440692	0	1168215	0
2886353	0	2886352	0	2886354	0
2886352	0	2886351	0	2886353	0
1159354	0	1159355	0	2474412	0
2886355	0	2886354	0	2886356	0
1159355	0	2439851	0
2886354	0	2886353	0	2886355	0
2554669	0	1217341	0
2886351	0	2491731	0	2886352	0
2555996	0	717438	0	2842540	0
2575590	0	2575591	0
2575591	0	2575592	0
2575592	0	2575593	0
2474412	0	1563757	0
2575593	0	2575594	0
2575594	0	2575595	0
2670340	0	2670341	0
2739707	0	2739708	0
2739706	0	2739707	0
2739705	0	2739706	0
2893080	0	1075048	0	2540869	0
2496208	0	2496209	0
2496209	0	2496210	0
2739708	0	616892	0
1191044	0	1122753	0
2876505	0	2876504	0	2194122	0
2876504	0	1346998	0	2876505	0
1353053	0	1348271	0
2575595	0	2575596	0
2575596	0	2575597	0
2575597	0	2575598	0
2575598	0	2575599	0
2575599	0	2575600	0
1191043	0	1191044	0
1191042	0	1191043	0
2670337	0	2670338	0
2670338	0	2670339	0
1369872	0	758960	0	963508	0
2670336	0	2670337	0
2622417	0	2523389	0
2512847	0	2512848	0	1146754	0
2670339	0	2670340	0
759093	0	759094	0
759094	0	759093	0	641578	0
2384687	0	2384688	0
2384688	0	2384689	0
2384689	0	2707861	0
952774	0	952773	0	952944	0	2319619	0
952775	0	687488	0	952776	0
2185269	0	2185270	0	528201	0
2384685	0	2384686	0
952773	0	687448	0	952774	0
2384686	0	2384687	0
958077	0	958078	0
972347	0	972348	0	2220672	0
972348	0	972349	0
750265	0	750264	0	750266	0
750264	0	528678	0	750265	0
972349	0	2375667	0	2815541	0
2370065	0	2520898	0	2807440	0
687542	0	687543	0	1080850	0	515021	0
687543	0	687542	0	952793	0
2713579	0	2363654	0
1114459	0	2867523	0
1018130	0	1018131	0	971690	0
1018131	0	971691	0	2456768	0
1234914	0	1131152	0
2788749	0	2788750	0
1254527	0	1254526	0	1254528	0
1254528	0	1254527	0	551811	0
1254525	0	528695	0	1254526	0
1254526	0	1254525	0	1254527	0
1054699	0	510343	0
2376614	0	2393775	0	2223183	0
1054698	0	1054699	0
1563989	0	1563990	0
1054697	0	1054698	0
1563988	0	1563989	0
2788750	0	2788751	0
2788752	0	2788753	0
2788751	0	2788752	0
1134031	0	2223183	0
1134030	0	1134031	0	1053700	0
750267	0	528687	0	528676	0
751119	0	552159	0
1127745	0	2391800	0
750266	0	750265	0	528685	0
1127744	0	1127745	0
2225649	0	2196495	0	2232796	0	2232840	0
1127747	0	1127748	0
1127746	0	1127747	0
1127749	0	606678	0	1190752	0
1127748	0	1127745	0
838885	0	838884	0	610121	0
1047112	0	1349539	0	2560645	0
838880	0	838879	0	838881	0
838881	0	838880	0	838882	0
838882	0	838881	0	838883	0
1365080	0	1365079	0	820802	0
838883	0	838882	0	838884	0
2175888	0	2193469	0	2505228	0
838884	0	838883	0	838885	0
2175887	0	2175888	0
2580105	0	2580106	0
1210529	0	1053302	0
2380211	0	1180284	0	2337548	0
1210528	0	1210529	0	2368971	0	963508	0
1348509	0	1075921	0
2815541	0	2554389	0
1047111	0	1047112	0	2478092	0
569419	0	569420	0
838874	0	724663	0	838875	0
838875	0	838874	0	838876	0
838876	0	838875	0	838877	0
838877	0	838876	0	838878	0
838878	0	838877	0	838879	0
1028841	0	2474412	0	1563770	0
2498016	0	2498017	0	2744850	0
569416	0	569417	0
838879	0	838878	0	838880	0
2498017	0	2498018	0
569417	0	569433	0	1152974	0
2498018	0	1179737	0
569418	0	569419	0	1065008	0
724862	0	724861	0	724863	0
1206011	0	1206012	0	1228360	0	2418576	0
724861	0	724860	0	724862	0
724860	0	607191	0	724861	0
1206013	0	2328594	0
2659583	0	2335900	0
1206012	0	1206013	0
724865	0	535424	0	724748	0
724864	0	724863	0	724692	0
724863	0	724862	0	724864	0
724859	0	724858	0	535369	0
1275057	0	1275058	0	2372494	0	2491731	0	1186985	0
724858	0	724857	0	724859	0
724857	0	724856	0	724858	0
724856	0	724855	0	724857	0
1210516	0	1210517	0	2541759	0	2664398	0
1378387	0	1378386	0	1344252	0	999527	0
1226099	0	2686858	0
1210517	0	1210516	0	2847557	0	2902528	0
1226098	0	1226099	0	1172125	0
1275058	0	1275057	0	2861910	0	2890235	0
1378386	0	717355	0	1378387	0
569422	0	775728	0
569423	0	569424	0	757066	0	775732	0	1253542	0
1164315	0	1164316	0
569424	0	569423	0	569425	0
1164316	0	2549929	0	2908181	0
2779352	0	1087728	0
569425	0	569424	0	641576	0	759008	0	1253428	0
1028840	0	1028841	0	2223764	0
1365079	0	599934	0	1365080	0
2445965	0	2445966	0	2530435	0	2373377	0
569420	0	569421	0
2445967	0	1273370	0
569421	0	569422	0
2445966	0	2485216	0	2374300	0
1126043	0	1126044	0	2860342	0
1126044	0	1126045	0
1126045	0	2633855	0
952776	0	952775	0	1072552	0	515019	0
724895	0	724894	0	724896	0
724894	0	612821	0	724895	0
724899	0	724898	0	724900	0
724898	0	724897	0	724899	0
724897	0	724896	0	724898	0
724896	0	724895	0	724897	0
2683689	0	2683690	0
569433	0	569434	0	1147678	0	1147681	0
952785	0	952784	0	687489	0
569434	0	569418	0
952783	0	952782	0	952784	0
2902732	0	1114532	0	2683687	0
952784	0	952783	0	952785	0
2498482	0	1053921	0
2683687	0	2683688	0	2902732	0
952782	0	952783	0	952792	0
2683688	0	2683689	0
569431	0	569432	0	1563319	0
569432	0	569416	0
2228270	0	1096235	0
2888934	0	2888933	0	2888935	0
2888935	0	2888934	0	1120389	0
1349869	0	569431	0
2888932	0	2888931	0	2888933	0
2683690	0	2549961	0
2888933	0	2888932	0	2888934	0
2888930	0	2812816	0	2888931	0
510343	0	510344	0	885296	0
2888931	0	2888930	0	2888932	0
2537709	0	1161483	0
1149151	0	2789771	0	2812816	0
2680186	0	2680187	0
952792	0	952791	0	952782	0
2680187	0	2434516	0
952793	0	952791	0	687543	0	687488	0	1128172	0
952791	0	952792	0	952793	0	639974	0
2514635	0	1053700	0	1145055	0
2194122	0	1053920	0	2876505	0
2315673	0	2315674	0	1174849	0
1161221	0	1161947	0	2440096	0
1207397	0	2551423	0
1207396	0	1207397	0	2324365	0
1161220	0	1161221	0
2244782	0	1026357	0	2232791	0
724823	0	535365	0
2232791	0	2232792	0	2244782	0	2907914	0
2232792	0	2232791	0	2232793	0
2457904	0	2345209	0
2232793	0	2232792	0	2232794	0
2232794	0	2232793	0	2232795	0
2232795	0	2232794	0	2232796	0
2232796	0	2232795	0	2225649	0
724822	0	724823	0
2462041	0	2547886	0
724821	0	724822	0
2462040	0	2462041	0
724820	0	724821	0
724815	0	724816	0
724814	0	724815	0
724813	0	724814	0
724812	0	724813	0
724819	0	724820	0	2248325	0	2248326	0
724818	0	724819	0
724817	0	724818	0
724816	0	724817	0
2315689	0	606680	0
1072913	0	1072914	0
1037748	0	515014	0	2678254	0
1072914	0	1072913	0	1072915	0
1238903	0	1123784	0
1072915	0	1072914	0
1384657	0	758951	0
2731371	0	1218363	0
2183006	0	2398146	0
2731370	0	2731371	0
1236724	0	2871364	0	2913302	0	2925901	0
1236723	0	1236724	0	2875682	0	2921698	0	2925610	0
1186986	0	2447842	0
1186985	0	1186986	0	2857586	0	2886359	0	1275057	0
724851	0	724850	0	724852	0
1148276	0	1148277	0	2398371	0
724850	0	724849	0	724851	0
1148277	0	606682	0
724855	0	724854	0	724856	0
724854	0	724853	0	724855	0
724853	0	724852	0	724854	0
724852	0	724851	0	724853	0
2465523	0	2465524	0
2465524	0	2647204	0	2498016	0
724849	0	724653	0	724850	0
1173672	0	1173673	0
1000480	0	1000479	0	1565652	0	724803	0	2910221	0
1173671	0	1173672	0
1173673	0	1114633	0
1173670	0	1173671	0	1256610	0	2626948	0
1350412	0	1350441	0	1355665	0
1351746	0	1364906	0	1373773	0	1064529	0
1000478	0	616893	0	1000479	0
1000479	0	1000478	0	1000480	0
2757527	0	1123595	0
2337431	0	606672	0	2315689	0
2891290	0	1096161	0	2891291	0
1148261	0	1148262	0
2891292	0	2891291	0	2891293	0
2341937	0	2341938	0	1087452	0
2891291	0	2891290	0	2891292	0
1148263	0	1348509	0	1350411	0
1350411	0	1350412	0
2891294	0	2891293	0	2873767	0
1148262	0	1148263	0
2891293	0	2891292	0	2891294	0
2873403	0	2873402	0	2873404	0
2873402	0	2344889	0	2873403	0
1159390	0	1159391	0
2873405	0	2873404	0	1264423	0
1159391	0	1159392	0
2873404	0	2873403	0	2873405	0
2488638	0	2667532	0
1159392	0	2463323	0
2494075	0	2394215	0
2494074	0	2494075	0	2350039	0
2513794	0	2440096	0	2554669	0
1054728	0	2227984	0
1054727	0	1054728	0	1140942	0
2340157	0	2683391	0	2850580	0
1351637	0	1351746	0
2786061	0	2666640	0
2434433	0	1221756	0
2398371	0	1348888	0	1075923	0
1191401	0	1191402	0	2679046	0
1191403	0	2527074	0
1191402	0	1191403	0
2811581	0	2811582	0
2811582	0	2811583	0
2811583	0	1123868	0
2839903	0	1207728	0
2518902	0	2499702	0
2518901	0	2518902	0
2580073	0	1161220	0	2610702	0
1248744	0	1248743	0	1248745	0
1248745	0	1248744	0	1248746	0
1248743	0	1248744	0	1253428	0	2311710	0
1350795	0	1350796	0
1350796	0	1350379	0
1248746	0	1248745	0	1249452	0
1128172	0	2465372	0	2531588	0
1356094	0	1356093	0	1356095	0
1356095	0	1356094	0	1372845	0
1356093	0	641589	0	1356094	0
1060185	0	1060186	0	1191042	0
2550641	0	2592917	0
1060184	0	1060185	0	1350263	0
1177584	0	1243782	0
1060186	0	1564551	0
2839902	0	2839903	0
2883650	0	2883649	0	2883651	0
2883651	0	2883650	0	1096161	0
1179737	0	1179738	0	2680186	0
1179738	0	1186234	0
2193697	0	1119418	0
1358283	0	641602	0	885304	0
2572463	0	2330603	0
2655617	0	1088537	0	2671307	0
2883643	0	2883642	0	2883644	0
2883644	0	2883643	0	2883645	0
2883645	0	2883644	0	2883646	0
2883646	0	2883645	0	2883647	0
2883642	0	1208319	0	2883643	0
2883647	0	2883646	0	2883648	0
2883648	0	2883647	0	2883649	0
2883649	0	2883648	0	2883650	0
2628532	0	2628533	0
2628533	0	2628534	0
2628534	0	2628535	0
2628535	0	2628536	0
2628536	0	2628537	0
2232840	0	2225649	0	2232841	0
1096161	0	1096160	0	2883651	0	2891290	0
2232841	0	2232840	0	2232842	0
2232842	0	2232841	0	2232843	0
2232843	0	2232842	0	2232844	0
2743893	0	2743894	0
2232844	0	2232843	0	2305545	0
2743894	0	2743895	0
1036021	0	1036022	0
1036020	0	1036021	0
1036022	0	1248746	0
1248770	0	1248769	0	1248771	0
1361009	0	1361010	0	599905	0	1376885	0	599907	0
1248771	0	1248770	0	977958	0
2738051	0	2319753	0
1096160	0	1096161	0	1208319	0	2873767	0	2657966	0
2738050	0	2738051	0
2776332	0	2669049	0
1564499	0	1564500	0
1564498	0	1564499	0
1564497	0	1564498	0
2193680	0	1139990	0	2185366	0	2344885	0
2263113	0	2263112	0
2263111	0	890344	0	2263112	0
2263112	0	2263111	0	2263113	0
2738048	0	2738049	0
2738049	0	2738050	0
1088538	0	2680869	0
1088537	0	1088538	0
2738047	0	2738048	0
1036018	0	1036019	0
2792798	0	2345537	0
1036017	0	1036018	0	2662486	0	2847737	0
1036019	0	1036020	0
2633855	0	2749475	0
528196	0	528197	0
528195	0	528196	0
2593337	0	2593338	0
528194	0	528195	0
1270643	0	1270644	0	1264423	0
2593336	0	2593337	0
528193	0	528194	0
1564496	0	1564497	0
2460704	0	1127749	0
528199	0	528200	0
1270644	0	1270643	0	2867514	0
1564495	0	1564496	0
2460703	0	2460704	0	963701	0
528198	0	528199	0	1179637	0
1564494	0	1564495	0
528197	0	713262	0
1564493	0	1564494	0
1047134	0	1047135	0	2194122	0
1047135	0	2590112	0
2540869	0	2540870	0	2893080	0
2639167	0	2639168	0
2639168	0	2564405	0
2847556	0	2847555	0	2847557	0
2822257	0	2712954	0
2847555	0	2847554	0	2847556	0
2822256	0	2822257	0	2863826	0	2920308	0
2847557	0	2847556	0	1210517	0
2847552	0	2847551	0	2847553	0
2847551	0	2541759	0	2847552	0
2676581	0	2695079	0
2847554	0	2847553	0	2847555	0
2676580	0	2676581	0
2847553	0	2847552	0	2847554	0
2446401	0	2881738	0
2446400	0	2446401	0
1024495	0	515023	0
1047132	0	1047133	0	1268163	0
1061089	0	1061090	0
1061088	0	1061089	0
1047133	0	2228270	0
1350379	0	1348888	0
2219419	0	2219420	0
1061090	0	1061091	0
2219418	0	2219419	0
2219417	0	2219418	0
1061092	0	1061093	0
2219416	0	2219417	0
1061091	0	1061092	0
1249614	0	1249613	0	1249615	0
2540871	0	2540872	0
1248767	0	1248768	0	733447	0	2358482	0
1249613	0	1249612	0	1249614	0
2540870	0	2540871	0
2676579	0	2676580	0
1249612	0	1249611	0	1249613	0
1249611	0	1249612	0	1140133	0
1350376	0	1347091	0	2454380	0
1254193	0	1086623	0	1254622	0
2376178	0	2472934	0	2510390	0
1248768	0	1248767	0	1248769	0
1249616	0	1249615	0	1254333	0
2676578	0	2676579	0
1248769	0	1248768	0	1248770	0
1249615	0	1249614	0	1249616	0
2540872	0	1267182	0
2221720	0	971466	0	2548383	0
1061094	0	975212	0
1061093	0	1061094	0
1361010	0	1361009	0	1361011	0
1361011	0	1361010	0	599908	0
1072552	0	692854	0	968187	0
2732716	0	2732717	0
775660	0	775659	0	775661	0
1021881	0	1021882	0
1021880	0	1021881	0
775663	0	775662	0	775664	0
1021883	0	1021884	0
775664	0	775663	0	775665	0
1021882	0	1021883	0
775661	0	775660	0	775662	0
1021885	0	1021886	0
775662	0	775661	0	775663	0
1021884	0	1021885	0
2396111	0	2396112	0
1021886	0	1021887	0
2396110	0	2396111	0
687487	0	687488	0	952944	0	1021880	0
687488	0	687487	0	952775	0	2227109	0
559289	0	559290	0	2635682	0
1241701	0	2478092	0	2530436	0
559287	0	559288	0	713835	0	1252902	0
1241700	0	1241701	0
559288	0	528688	0
2350361	0	1161848	0
776503	0	776501	0
776501	0	776502	0	776503	0
776502	0	776501	0	775677	0	2850580	0
775658	0	775659	0	973933	0	1569012	0	2739705	0
775659	0	775658	0	775660	0
2396108	0	2396109	0
2396107	0	2396108	0
2564405	0	2322382	0
2858600	0	2858599	0	2858601	0
687490	0	687489	0	687491	0
2396106	0	2396107	0
2451841	0	2451842	0
2858601	0	2858600	0	2858602	0
687491	0	687490	0	687492	0
2396105	0	2396106	0
2451840	0	2451841	0
2858602	0	2858601	0	2686858	0
2375667	0	2375668	0
2396109	0	2396110	0
2375668	0	2496208	0	2743893	0
687496	0	687495	0	687497	0
2481277	0	1165267	0	2192229	0
687497	0	687496	0	952552	0
687492	0	687491	0	687493	0
2396104	0	2396105	0
687493	0	687492	0	687494	0
1352578	0	1353053	0
2396103	0	2396104	0
2451842	0	2437452	0
687494	0	687493	0	687495	0
2396102	0	2396103	0	2622417	0
687495	0	687494	0	687496	0
2248322	0	1028679	0	2248323	0
610179	0	610178	0	724664	0	724754	0
2248323	0	2248322	0	2248324	0
1366728	0	510241	0	885296	0
2248324	0	2248323	0	2248325	0
2248325	0	2248324	0	724819	0
610178	0	610179	0	838951	0
2248326	0	724819	0	2248327	0
551788	0	551787	0	750227	0	1149151	0
687489	0	687490	0	889685	0	889687	0	952785	0
2248327	0	2248326	0	2248328	0
2248328	0	2248327	0	2248329	0
551786	0	551787	0	551807	0	1149223	0
2248329	0	2248328	0	2248330	0
551787	0	551786	0	551788	0
1351259	0	639975	0	1373159	0
2541759	0	2541760	0	2847551	0	2916692	0	1210516	0
2812816	0	2888764	0	2888930	0	2925610	0
1375221	0	758995	0
2507887	0	2507888	0
2437567	0	2437568	0
2437568	0	2437569	0
2437569	0	2437570	0
2439744	0	2401653	0	1127746	0
2440740	0	1162854	0	2376614	0
2505228	0	2769702	0
2548383	0	967786	0
1004085	0	1004084	0
1368934	0	1368933	0	510240	0
1368933	0	1360714	0	1368934	0
2344570	0	1244625	0	1053921	0	2451411	0
1004084	0	1004085	0	1135748	0	975212	0
2541767	0	1261425	0
2541763	0	2541764	0
2541764	0	2541765	0
2541765	0	2541766	0
2541766	0	2541767	0
2541760	0	2541761	0
2541761	0	2541762	0
2541762	0	2541763	0
1248322	0	1248321	0	687438	0
1168216	0	2476002	0	528208	0
2437570	0	2529392	0	2573263	0
1168215	0	1168216	0	2440575	0
1248320	0	1248321	0	528688	0
2719765	0	1159390	0
1248321	0	1248320	0	1248322	0
2719764	0	2719765	0
2575584	0	2575585	0
2575585	0	2575586	0
2622396	0	1244625	0
2575586	0	2575587	0
2575587	0	2575588	0
1564474	0	1564918	0
2575588	0	2575589	0
2622393	0	2622394	0
1564473	0	1564474	0
2575589	0	2575590	0
2622395	0	2622396	0
2622394	0	2622395	0
2373033	0	1161220	0	1161948	0
510802	0	510801	0	1190752	0
510801	0	510802	0	2842373	0
2867514	0	1270644	0	2867515	0
2867516	0	2867515	0	2867517	0
2867515	0	2867514	0	2867516	0
1135749	0	845969	0	2579612	0	2880439	0
2867518	0	2867517	0	2867519	0
2867517	0	2867516	0	2867518	0
1135748	0	1004084	0	845969	0
2867519	0	2867518	0	2867520	0
2575526	0	2396102	0
959442	0	1174145	0	1046463	0
959441	0	959442	0	1207397	0
2328072	0	1180285	0	2554710	0
2480355	0	2192546	0
692854	0	515018	0	1072552	0
2248330	0	2248329	0	2248331	0
2248331	0	2248330	0	2248332	0
2248332	0	2248331	0	2248333	0
2526168	0	2460703	0
2248333	0	2248332	0	2248334	0
2248334	0	2248333	0	2248335	0
2248335	0	2248334	0	2242386	0
2759371	0	2522403	0	2757527	0
2867521	0	2867520	0	2867522	0
610121	0	838885	0
2867520	0	2867519	0	2867521	0
2867523	0	2867522	0	1114459	0
2867522	0	2867521	0	2867523	0
2668561	0	2554712	0
559294	0	559293	0
3040554	0	3040555	0
559295	0	559294	0	2380211	0
2324931	0	1114635	0
559292	0	559289	0	1045711	0
2324930	0	2324931	0	2430896	0
559293	0	559292	0
2345850	0	2345851	0	1162006	0
3040555	0	2490040	0
559290	0	559291	0
845969	0	845968	0	848101	0	1135748	0	1135749	0
2345851	0	2434433	0	2545909	0
559291	0	559287	0
845968	0	845969	0	848056	0	1061088	0
1355666	0	1355665	0	1355667	0
1355667	0	1355666	0	1355668	0
1355668	0	1355667	0	1355669	0
2529201	0	1158900	0	1256413	0
1355669	0	1355668	0	1355670	0
2588859	0	2588860	0	2337431	0
1355665	0	1350412	0	1355666	0
1064529	0	965381	0	1348287	0	1351746	0
1123783	0	1123784	0	1267182	0
